0.000000      -0.200360       -0.200358      -0.200358        -0.200361      -0.200360      -0.200355      -0.196162      inf
0.012500      -0.102606       -0.102604      -0.102604        -0.102607      -0.102606      -0.102601      -0.096992      -0.138730
0.025000      -0.069557       -0.069555      -0.069555        -0.069558      -0.069557      -0.069551      -0.064847      -0.092040
0.037500      -0.045490       -0.045488      -0.045488        -0.045491      -0.045490      -0.045484      -0.041497      -0.062776
0.050000      -0.026562       -0.026561      -0.026561        -0.026563      -0.026563      -0.026557      -0.022948      -0.040968
0.062500      -0.010925       -0.010924      -0.010924        -0.010926      -0.010925      -0.010920      -0.007467      -0.023404
0.075000      0.002421       0.002423      0.002423        0.002420      0.002421      0.002426      0.005852      -0.008621
0.087500      0.014071       0.014072      0.014072        0.014070      0.014070      0.014075      0.017544      0.004174
0.100000      0.024404       0.024405      0.024405        0.024403      0.024404      0.024408      0.027954      0.015464
0.112500      0.033679       0.033681      0.033681        0.033678      0.033679      0.033684      0.037319      0.025565
0.125000      0.042081       0.042082      0.042083        0.042080      0.042081      0.042086      0.045808      0.034694
0.137500      0.049745       0.049747      0.049747        0.049744      0.049745      0.049750      0.053547      0.043012
0.150000      0.056775       0.056776      0.056776        0.056774      0.056775      0.056779      0.060632      0.050635
0.162500      0.063250       0.063251      0.063252        0.063249      0.063250      0.063254      0.067136      0.057655
0.175000      0.069235       0.069236      0.069236        0.069234      0.069235      0.069239      0.073119      0.064143
0.187500      0.074781       0.074782      0.074782        0.074780      0.074781      0.074785      0.078629      0.070156
0.200000      0.079930       0.079931      0.079931        0.079929      0.079930      0.079934      0.083706      0.075741
0.212500      0.084718       0.084719      0.084719        0.084717      0.084718      0.084722      0.088382      0.080935
0.225000      0.089173       0.089174      0.089175        0.089173      0.089174      0.089177      0.092684      0.085772
0.237500      0.093322       0.093323      0.093323        0.093321      0.093322      0.093325      0.096637      0.090277
0.250000      0.097184       0.097185      0.097185        0.097184      0.097185      0.097187      0.100260      0.094474
0.262500      0.100779       0.100780      0.100780        0.100778      0.100779      0.100782      0.103570      0.098382
0.275000      0.104122       0.104123      0.104123        0.104121      0.104122      0.104125      0.106584      0.102019
0.287500      0.107226       0.107227      0.107227        0.107226      0.107227      0.107229      0.109316      0.105398
0.300000      0.110105       0.110106      0.110106        0.110104      0.110105      0.110107      0.111777      0.108533
0.312500      0.112767       0.112768      0.112768        0.112767      0.112768      0.112770      0.113979      0.111434
0.325000      0.115223       0.115224      0.115225        0.115223      0.115224      0.115226      0.115934      0.114111
0.337500      0.117481       0.117482      0.117482        0.117481      0.117482      0.117483      0.117650      0.116573
0.350000      0.119547       0.119548      0.119548        0.119547      0.119548      0.119549      0.119138      0.118828
0.362500      0.121428       0.121429      0.121429        0.121428      0.121429      0.121430      0.120408      0.120881
0.375000      0.123130       0.123130      0.123131        0.123129      0.123131      0.123132      0.121467      0.122738
0.387500      0.124656       0.124657      0.124657        0.124656      0.124657      0.124658      0.122326      0.124405
0.400000      0.126012       0.126012      0.126012        0.126011      0.126013      0.126013      0.122993      0.125886
0.412500      0.127200       0.127201      0.127201        0.127200      0.127201      0.127201      0.123478      0.127184
0.425000      0.128224       0.128225      0.128225        0.128224      0.128225      0.128226      0.123790      0.128304
0.437500      0.129087       0.129088      0.129088        0.129087      0.129088      0.129088      0.123937      0.129246
0.450000      0.129791       0.129791      0.129791        0.129791      0.129792      0.129792      0.123930      0.130015
0.462500      0.130337       0.130337      0.130337        0.130337      0.130338      0.130337      0.123779      0.130611
0.475000      0.130726       0.130726      0.130727        0.130726      0.130727      0.130727      0.123494      0.131036
0.487500      0.130960       0.130961      0.130961        0.130960      0.130962      0.130961      0.123085      0.131291
0.500000      0.131040       0.131040      0.131040        0.131040      0.131041      0.131040      0.122562      0.131377
0.512500      0.130965       0.130965      0.130965        0.130965      0.130966      0.130965      0.121936      0.131293
0.525000      0.130735       0.130735      0.130735        0.130735      0.130736      0.130735      0.121218      0.131040
0.537500      0.130349       0.130349      0.130350        0.130350      0.130351      0.130349      0.120419      0.130617
0.550000      0.129808       0.129808      0.129808        0.129808      0.129809      0.129807      0.119548      0.130023
0.562500      0.129108       0.129108      0.129109        0.129109      0.129110      0.129108      0.118618      0.129256
0.575000      0.128250       0.128250      0.128250        0.128250      0.128251      0.128249      0.117637      0.128315
0.587500      0.127230       0.127230      0.127230        0.127230      0.127231      0.127229      0.116615      0.127198
0.600000      0.126045       0.126045      0.126046        0.126046      0.126047      0.126045      0.115561      0.125902
0.612500      0.124694       0.124694      0.124694        0.124695      0.124696      0.124693      0.114483      0.124423
0.625000      0.123172       0.123172      0.123172        0.123172      0.123173      0.123171      0.113386      0.122758
0.637500      0.121475       0.121474      0.121475        0.121475      0.121476      0.121474      0.112276      0.120903
0.650000      0.119598       0.119598      0.119598        0.119599      0.119599      0.119597      0.111154      0.118852
0.662500      0.117536       0.117536      0.117536        0.117537      0.117537      0.117534      0.110020      0.116600
0.675000      0.115283       0.115282      0.115282        0.115283      0.115284      0.115281      0.108872      0.114141
0.687500      0.112831       0.112830      0.112830        0.112831      0.112832      0.112829      0.107702      0.111466
0.700000      0.110172       0.110172      0.110172        0.110173      0.110174      0.110170      0.106498      0.108568
0.712500      0.107298       0.107297      0.107298        0.107298      0.107299      0.107296      0.105245      0.105436
0.725000      0.104197       0.104197      0.104197        0.104198      0.104199      0.104195      0.103918      0.102060
0.737500      0.100859       0.100858      0.100858        0.100859      0.100860      0.100856      0.102489      0.098427
0.750000      0.097268       0.097267      0.097268        0.097269      0.097270      0.097265      0.100919      0.094523
0.762500      0.093410       0.093409      0.093409        0.093410      0.093411      0.093407      0.099161      0.090330
0.775000      0.089265       0.089265      0.089265        0.089266      0.089267      0.089263      0.097156      0.085829
0.787500      0.084814       0.084813      0.084813        0.084815      0.084815      0.084811      0.094834      0.080998
0.800000      0.080030       0.080029      0.080030        0.080031      0.080032      0.080027      0.092111      0.075809
0.812500      0.074885       0.074884      0.074884        0.074886      0.074886      0.074882      0.088887      0.070230
0.825000      0.069343       0.069342      0.069342        0.069344      0.069344      0.069340      0.085045      0.064224
0.837500      0.063362       0.063361      0.063361        0.063363      0.063364      0.063359      0.080448      0.057744
0.850000      0.056891       0.056890      0.056890        0.056892      0.056892      0.056887      0.074937      0.050733
0.862500      0.049865       0.049864      0.049864        0.049866      0.049866      0.049861      0.068332      0.043121
0.875000      0.042205       0.042203      0.042204        0.042206      0.042206      0.042201      0.060424      0.034816
0.887500      0.033806       0.033805      0.033805        0.033807      0.033808      0.033802      0.050981      0.025702
0.900000      0.024534       0.024533      0.024533        0.024535      0.024536      0.024530      0.039738      0.015620
0.912500      0.014205       0.014204      0.014204        0.014206      0.014206      0.014201      0.026403      0.004355
0.925000      0.002559       0.002558      0.002558        0.002560      0.002560      0.002554      0.010652      -0.008408
0.937500      -0.010784       -0.010786      -0.010786        -0.010783      -0.010783      -0.010789      -0.007867      -0.023146
0.950000      -0.026419       -0.026420      -0.026420        -0.026417      -0.026417      -0.026423      -0.029534      -0.040645
0.962500      -0.045343       -0.045344      -0.045344        -0.045342      -0.045342      -0.045348      -0.054753      -0.062344
0.975000      -0.069408       -0.069409      -0.069409        -0.069407      -0.069406      -0.069413      -0.083943      -0.091395
0.987500      -0.102456       -0.102457      -0.102457        -0.102455      -0.102454      -0.102461      -0.117531      -0.137469
1.000000      -0.200215       -0.200216      -0.200216        -0.200213      -0.200213      -0.200219      -0.201930      -0.385007
