1 0.249877
2 0.092273
3 -0.071003
4 -0.200292
5 -0.280080
6 -0.344439
7 -0.401128
8 -0.451136
9 -0.495839
10 -0.536290
11 -0.571108
12 -0.602017
13 -0.630885
14 -0.658023
15 -0.683380
16 -0.707142
17 -0.729742
18 -0.751326
19 -0.772012
20 -0.791903
21 -0.811085
22 -0.829633
23 -0.847610
24 -0.865074
25 -0.882071
26 -0.898646
27 -0.914835
28 -0.930670
29 -0.946180
30 -0.961390
31 -0.976321
32 -0.990992
33 -1.005421
34 -1.019621
35 -1.033606
36 -1.047388
37 -1.060976
38 -1.074380
39 -1.087608
40 -1.100668
41 -1.113566
42 -1.126308
43 -1.138900
44 -1.151348
45 -1.163656
46 -1.175829
47 -1.187870
48 -1.199784
49 -1.211574
50 -1.223245
51 -1.234798
52 -1.246238
53 -1.257568
54 -1.268790
55 -1.279907
56 -1.290921
57 -1.301836
58 -1.312653
59 -1.323376
60 -1.334005
61 -1.344544
62 -1.354995
63 -1.365360
64 -1.375640
65 -1.385838
66 -1.395955
67 -1.405994
68 -1.415956
69 -1.425843
70 -1.435656
71 -1.445398
72 -1.455070
73 -1.464673
74 -1.474208
75 -1.483679
76 -1.493085
77 -1.502429
78 -1.511711
79 -1.520934
80 -1.530097
81 -1.539204
82 -1.548254
83 -1.557250
84 -1.566192
85 -1.575082
86 -1.583920
87 -1.592709
88 -1.601448
89 -1.610140
90 -1.618784
91 -1.627383
92 -1.635937
93 -1.643748
94 -1.651442
95 -1.659097
96 -1.666713
97 -1.674291
98 -1.681832
99 -1.689337
100 -1.696806
101 -1.704241
102 -1.711642
103 -1.719009
104 -1.726344
105 -1.733646
106 -1.740917
107 -1.748157
108 -1.755367
109 -1.762547
110 -1.769698
111 -1.776821
112 -1.783916
113 -1.790983
114 -1.798024
115 -1.805038
116 -1.812026
117 -1.818989
118 -1.825927
119 -1.832840
120 -1.839730
121 -1.846596
122 -1.853438
123 -1.860258
124 -1.867056
125 -1.873832
126 -1.880586
127 -1.887319
128 -1.894032
129 -1.900724
130 -1.907396
131 -1.914048
132 -1.920681
133 -1.927295
134 -1.933890
135 -1.940467
136 -1.947025
137 -1.953566
138 -1.960090
139 -1.966596
140 -1.973085
141 -1.979558
142 -1.986014
143 -1.992455
144 -1.998879
145 -2.005288
146 -2.011681
147 -2.018059
148 -2.024422
149 -2.030770
150 -2.037104
151 -2.043424
152 -2.049730
153 -2.056021
154 -2.062299
155 -2.068564
156 -2.074815
157 -2.081053
158 -2.087278
159 -2.093490
160 -2.099690
161 -2.105877
162 -2.112051
163 -2.118214
164 -2.124364
165 -2.130503
166 -2.136630
167 -2.142745
168 -2.148849
169 -2.154941
170 -2.161022
171 -2.167092
172 -2.173151
173 -2.179200
174 -2.185237
175 -2.191263
176 -2.197279
177 -2.203285
178 -2.209280
179 -2.215265
180 -2.221239
181 -2.227204
182 -2.233158
183 -2.239103
184 -2.245037
185 -2.250962
186 -2.256877
187 -2.262782
188 -2.268677
189 -2.274563
190 -2.280440
191 -2.286307
192 -2.292164
193 -2.298012
194 -2.303851
195 -2.309681
196 -2.315501
197 -2.321313
198 -2.327115
199 -2.332908
200 -2.338692
201 -2.344467
202 -2.350233
203 -2.355990
204 -2.361738
205 -2.367477
206 -2.373207
207 -2.378929
208 -2.384641
209 -2.390345
210 -2.396040
211 -2.401726
212 -2.407403
213 -2.413072
214 -2.418732
215 -2.424383
216 -2.430025
217 -2.435659
218 -2.441284
219 -2.446900
220 -2.452507
221 -2.458106
222 -2.463696
223 -2.469277
224 -2.474850
225 -2.480413
226 -2.485968
227 -2.491515
228 -2.497052
229 -2.502581
230 -2.508101
231 -2.513612
232 -2.519114
233 -2.524608
234 -2.530092
235 -2.535568
236 -2.541035
237 -2.546493
238 -2.551942
239 -2.557382
240 -2.562813
241 -2.568235
242 -2.573649
243 -2.579053
244 -2.584448
245 -2.589834
246 -2.595211
247 -2.600579
248 -2.605938
249 -2.611287
250 -2.616627
251 -2.621958
252 -2.627280
253 -2.632593
254 -2.637896
255 -2.643190
256 -2.648474
257 -2.653749
258 -2.659014
259 -2.664270
260 -2.669517
261 -2.674754
262 -2.679981
263 -2.685199
264 -2.690407
265 -2.695605
266 -2.700793
267 -2.705972
268 -2.711141
269 -2.716300
270 -2.721449
271 -2.726588
272 -2.731717
273 -2.736837
274 -2.741946
275 -2.747045
276 -2.752134
277 -2.757212
278 -2.762281
279 -2.767339
280 -2.772387
281 -2.777424
282 -2.782451
283 -2.787468
284 -2.792474
285 -2.797470
286 -2.802455
287 -2.807430
288 -2.812394
289 -2.817347
290 -2.822289
291 -2.827221
292 -2.832142
293 -2.837052
294 -2.841951
295 -2.846839
296 -2.851716
297 -2.856583
298 -2.861438
299 -2.866282
300 -2.871115
301 -2.875936
302 -2.880747
303 -2.885546
304 -2.890334
305 -2.895111
306 -2.899876
307 -2.904629
308 -2.909372
309 -2.914102
310 -2.918821
311 -2.923529
312 -2.928225
313 -2.932909
314 -2.937582
315 -2.942242
316 -2.946891
317 -2.951529
318 -2.956154
319 -2.960767
320 -2.965369
321 -2.969958
322 -2.974535
323 -2.979101
324 -2.983654
325 -2.988195
326 -2.992724
327 -2.997241
328 -3.001746
329 -3.006238
330 -3.010718
331 -3.015186
332 -3.019641
333 -3.024084
334 -3.028515
335 -3.032933
336 -3.037338
337 -3.041732
338 -3.046112
339 -3.050480
340 -3.054836
341 -3.059178
342 -3.063509
343 -3.067826
344 -3.072131
345 -3.076423
346 -3.080702
347 -3.084969
348 -3.089223
349 -3.093463
350 -3.097692
351 -3.101907
352 -3.106109
353 -3.110299
354 -3.114475
355 -3.118639
356 -3.122789
357 -3.126927
358 -3.131052
359 -3.135164
360 -3.139262
361 -3.143348
362 -3.147420
363 -3.151480
364 -3.155526
365 -3.159560
366 -3.163580
367 -3.167587
368 -3.171581
369 -3.175562
370 -3.179530
371 -3.183485
372 -3.187426
373 -3.191355
374 -3.195270
375 -3.199172
376 -3.203061
377 -3.206937
378 -3.210799
379 -3.214649
380 -3.218485
381 -3.222308
382 -3.226118
383 -3.229914
384 -3.233698
385 -3.237468
386 -3.241226
387 -3.244970
388 -3.248701
389 -3.252419
390 -3.256123
391 -3.259815
392 -3.263493
393 -3.267159
394 -3.270811
395 -3.274450
396 -3.278076
397 -3.281690
398 -3.285290
399 -3.288877
400 -3.292451
401 -3.296012
402 -3.299560
403 -3.303095
404 -3.306617
405 -3.310126
406 -3.313622
407 -3.317105
408 -3.320576
409 -3.324034
410 -3.327478
411 -3.330910
412 -3.334330
413 -3.337736
414 -3.341130
415 -3.344511
416 -3.347879
417 -3.351235
418 -3.354578
419 -3.357909
420 -3.361227
421 -3.364532
422 -3.367825
423 -3.371105
424 -3.374373
425 -3.377629
426 -3.380872
427 -3.384103
428 -3.387322
429 -3.390528
430 -3.393722
431 -3.396904
432 -3.400073
433 -3.403231
434 -3.406376
435 -3.409509
436 -3.412631
437 -3.415740
438 -3.418837
439 -3.421923
440 -3.424997
441 -3.428058
442 -3.431108
443 -3.434147
444 -3.437173
445 -3.440188
446 -3.443191
447 -3.446183
448 -3.449163
449 -3.452132
450 -3.455090
451 -3.458035
452 -3.460970
453 -3.463893
454 -3.466799
455 -3.469619
456 -3.472428
457 -3.475226
458 -3.478013
459 -3.480790
460 -3.483556
461 -3.486312
462 -3.489057
463 -3.491792
464 -3.494516
465 -3.497230
466 -3.499934
467 -3.502627
468 -3.505311
469 -3.507984
470 -3.510647
471 -3.513300
472 -3.515943
473 -3.518576
474 -3.521200
475 -3.523813
476 -3.526417
477 -3.529011
478 -3.531596
479 -3.534171
480 -3.536736
481 -3.539292
482 -3.541838
483 -3.544376
484 -3.546903
485 -3.549422
486 -3.551906
487 -3.554326
488 -3.556738
489 -3.559141
490 -3.561536
491 -3.563922
492 -3.566300
493 -3.568669
494 -3.571030
495 -3.573383
496 -3.575728
497 -3.578065
498 -3.580394
499 -3.582715
500 -3.585028
501 -3.587332
502 -3.589630
503 -3.591919
504 -3.594201
505 -3.596475
506 -3.598741
507 -3.601000
508 -3.603252
509 -3.605496
510 -3.607732
511 -3.609961
512 -3.612183
513 -3.614398
514 -3.616565
515 -3.618690
516 -3.620809
517 -3.622922
518 -3.625028
519 -3.627128
520 -3.629221
521 -3.631309
522 -3.633390
523 -3.635465
524 -3.637533
525 -3.639596
526 -3.641653
527 -3.643704
528 -3.645749
529 -3.647788
530 -3.649821
531 -3.651848
532 -3.653870
533 -3.655886
534 -3.657897
535 -3.659902
536 -3.661901
537 -3.663895
538 -3.665884
539 -3.667867
540 -3.669796
541 -3.671701
542 -3.673601
543 -3.675497
544 -3.677388
545 -3.679274
546 -3.681156
547 -3.683033
548 -3.684906
549 -3.686775
550 -3.688639
551 -3.690499
552 -3.692355
553 -3.694206
554 -3.696053
555 -3.697897
556 -3.699736
557 -3.701571
558 -3.703401
559 -3.705228
560 -3.707051
561 -3.708870
562 -3.710685
563 -3.712496
564 -3.714304
565 -3.716087
566 -3.717828
567 -3.719566
568 -3.721300
569 -3.723032
570 -3.724760
571 -3.726485
572 -3.728208
573 -3.729927
574 -3.731643
575 -3.733357
576 -3.735067
577 -3.736775
578 -3.738479
579 -3.740181
580 -3.741880
581 -3.743577
582 -3.745270
583 -3.746961
584 -3.748650
585 -3.750335
586 -3.752018
587 -3.753699
588 -3.755376
589 -3.757052
590 -3.758724
591 -3.760394
592 -3.762016
593 -3.763632
594 -3.765247
595 -3.766859
596 -3.768470
597 -3.770079
598 -3.771686
599 -3.773291
600 -3.774894
601 -3.776495
602 -3.778095
603 -3.779692
604 -3.781288
605 -3.782883
606 -3.784475
607 -3.786066
608 -3.787655
609 -3.789243
610 -3.790829
611 -3.792413
612 -3.793996
613 -3.795577
614 -3.797156
615 -3.798734
616 -3.800310
617 -3.801885
618 -3.803459
619 -3.805030
620 -3.806601
621 -3.808151
622 -3.809680
623 -3.811208
624 -3.812734
625 -3.814260
626 -3.815785
627 -3.817309
628 -3.818831
629 -3.820353
630 -3.821874
631 -3.823394
632 -3.824913
633 -3.826431
634 -3.827948
635 -3.829464
636 -3.830979
637 -3.832493
638 -3.834007
639 -3.835519
640 -3.837031
641 -3.838542
642 -3.840052
643 -3.841561
644 -3.843069
645 -3.844577
646 -3.846084
647 -3.847590
648 -3.849095
649 -3.850599
650 -3.852102
651 -3.853605
652 -3.855107
653 -3.856608
654 -3.858109
655 -3.859609
656 -3.861108
657 -3.862597
658 -3.864067
659 -3.865537
660 -3.867006
661 -3.868475
662 -3.869943
663 -3.871411
664 -3.872879
665 -3.874346
666 -3.875813
667 -3.877280
668 -3.878746
669 -3.880212
670 -3.881677
671 -3.883142
672 -3.884607
673 -3.886071
674 -3.887535
675 -3.888998
676 -3.890462
677 -3.891925
678 -3.893387
679 -3.894849
680 -3.896311
681 -3.897773
682 -3.899234
683 -3.900695
684 -3.902156
685 -3.903616
686 -3.905076
687 -3.906536
688 -3.907995
689 -3.909454
690 -3.910913
691 -3.912371
692 -3.913830
693 -3.915288
694 -3.916745
695 -3.918203
696 -3.919660
697 -3.921117
698 -3.922573
699 -3.924029
700 -3.925486
701 -3.926941
702 -3.928397
703 -3.929852
704 -3.931307
705 -3.932762
706 -3.934216
707 -3.935671
708 -3.937125
709 -3.938578
710 -3.940015
711 -3.941453
712 -3.942890
713 -3.944327
714 -3.945764
715 -3.947202
716 -3.948639
717 -3.950076
718 -3.951513
719 -3.952949
720 -3.954386
721 -3.955823
722 -3.957260
723 -3.958696
724 -3.960133
725 -3.961570
726 -3.963006
727 -3.964443
728 -3.965879
729 -3.967316
730 -3.968752
731 -3.970188
732 -3.971624
733 -3.973061
734 -3.974497
735 -3.975933
736 -3.977369
737 -3.978805
738 -3.980241
739 -3.981677
740 -3.983113
741 -3.984549
742 -3.985984
743 -3.987420
744 -3.988856
745 -3.990292
746 -3.991727
747 -3.993163
748 -3.994599
749 -3.996034
750 -3.997470
751 -3.998905
752 -4.000341
753 -4.001776
754 -4.003211
755 -4.004647
756 -4.006082
757 -4.007517
758 -4.008952
759 -4.010388
760 -4.011823
761 -4.013258
762 -4.014693
763 -4.016128
764 -4.017563
765 -4.018998
766 -4.020433
767 -4.021868
768 -4.023303
769 -4.024738
770 -4.026173
771 -4.027608
772 -4.029042
773 -4.030477
774 -4.031912
775 -4.033347
776 -4.034781
777 -4.036216
778 -4.037650
779 -4.039085
780 -4.040520
781 -4.041954
782 -4.043389
783 -4.044823
784 -4.046258
785 -4.047692
786 -4.049127
787 -4.050561
788 -4.051995
789 -4.053430
790 -4.054864
791 -4.056298
792 -4.057733
793 -4.059167
794 -4.060601
795 -4.062035
796 -4.063470
797 -4.064904
798 -4.066338
799 -4.067772
800 -4.069206
801 -4.070640
802 -4.072074
803 -4.073508
804 -4.074943
805 -4.076377
806 -4.077811
807 -4.079245
808 -4.080678
809 -4.082112
810 -4.083546
811 -4.084980
812 -4.086414
813 -4.087848
814 -4.089282
815 -4.090716
816 -4.092150
817 -4.093583
818 -4.095017
819 -4.096451
820 -4.097885
821 -4.099318
822 -4.100752
823 -4.102186
824 -4.103620
825 -4.105053
826 -4.106487
827 -4.107918
828 -4.109347
829 -4.110776
830 -4.112205
831 -4.113635
832 -4.115064
833 -4.116493
834 -4.117922
835 -4.119352
836 -4.120781
837 -4.122211
838 -4.123640
839 -4.125070
840 -4.126499
841 -4.127929
842 -4.129358
843 -4.130788
844 -4.132217
845 -4.133647
846 -4.135077
847 -4.136506
848 -4.137936
849 -4.139366
850 -4.140796
851 -4.142226
852 -4.143655
853 -4.145085
854 -4.146515
855 -4.147945
856 -4.149375
857 -4.150805
858 -4.152235
859 -4.153665
860 -4.155095
861 -4.156525
862 -4.157955
863 -4.159385
864 -4.160816
865 -4.162246
866 -4.163676
867 -4.165106
868 -4.166536
869 -4.167967
870 -4.169397
871 -4.170827
872 -4.172258
873 -4.173688
874 -4.175118
875 -4.176549
876 -4.177979
877 -4.179410
878 -4.180840
879 -4.182271
880 -4.183701
881 -4.185132
882 -4.186562
883 -4.187993
884 -4.189423
885 -4.190854
886 -4.192284
887 -4.193715
888 -4.195146
889 -4.196576
890 -4.198007
891 -4.199438
892 -4.200869
893 -4.202299
894 -4.203730
895 -4.205161
896 -4.206592
897 -4.208022
898 -4.209453
899 -4.210884
900 -4.212315
901 -4.213746
902 -4.215177
903 -4.216608
904 -4.218039
905 -4.219470
906 -4.220900
907 -4.222331
908 -4.223762
909 -4.225193
910 -4.226624
911 -4.228055
912 -4.229487
913 -4.230918
914 -4.232349
915 -4.233780
916 -4.235211
917 -4.236642
918 -4.238073
919 -4.239504
920 -4.240935
921 -4.242367
922 -4.243798
923 -4.245229
924 -4.246660
925 -4.248091
926 -4.249523
927 -4.250954
928 -4.252385
929 -4.253816
930 -4.255248
931 -4.256679
932 -4.258110
933 -4.259542
934 -4.260973
935 -4.262404
936 -4.263836
937 -4.265267
938 -4.266698
939 -4.268130
940 -4.269561
941 -4.270992
942 -4.272424
943 -4.273855
944 -4.275287
945 -4.276718
946 -4.278150
947 -4.279581
948 -4.281013
949 -4.282444
950 -4.283875
951 -4.285307
952 -4.286738
953 -4.288170
954 -4.289602
955 -4.291033
956 -4.292465
957 -4.293896
958 -4.295328
959 -4.296759
960 -4.298191
961 -4.299622
962 -4.301054
963 -4.302486
964 -4.303917
965 -4.305349
966 -4.306781
967 -4.308212
968 -4.309644
969 -4.311075
970 -4.312507
971 -4.313939
972 -4.315370
973 -4.316802
974 -4.318234
975 -4.319666
976 -4.321097
977 -4.322529
978 -4.323961
979 -4.325392
980 -4.326824
981 -4.328256
982 -4.329688
983 -4.331119
984 -4.332551
985 -4.333983
986 -4.335415
987 -4.336846
988 -4.338278
989 -4.339710
990 -4.341142
991 -4.342574
992 -4.344005
993 -4.345437
994 -4.346869
995 -4.348301
996 -4.349733
997 -4.351165
998 -4.352596
999 -4.354028
1000 -4.355460
1001 -4.356892
1002 -4.358324
1003 -4.359756
1004 -4.361188
1005 -4.362620
1006 -4.364051
1007 -4.365483
1008 -4.366915
1009 -4.368347
1010 -4.369779
1011 -4.371211
1012 -4.372643
1013 -4.374075
1014 -4.375507
1015 -4.376939
1016 -4.378371
1017 -4.379803
1018 -4.381235
1019 -4.382666
1020 -4.384098
1021 -4.385530
1022 -4.386962
1023 -4.388394
1024 -4.389826
1025 -4.391258
1026 -4.392690
1027 -4.394122
1028 -4.395554
1029 -4.396986
1030 -4.398418
1031 -4.399850
1032 -4.401282
1033 -4.402714
1034 -4.404146
1035 -4.405578
1036 -4.407010
1037 -4.408442
1038 -4.409874
1039 -4.411306
1040 -4.412739
1041 -4.414171
1042 -4.415603
1043 -4.417035
1044 -4.418467
1045 -4.419899
1046 -4.421331
1047 -4.422763
1048 -4.424195
1049 -4.425627
1050 -4.427059
1051 -4.428491
1052 -4.429923
1053 -4.431355
1054 -4.432787
1055 -4.434220
1056 -4.435652
1057 -4.437084
1058 -4.438516
1059 -4.439948
1060 -4.441380
1061 -4.442812
1062 -4.444244
1063 -4.445676
1064 -4.447108
1065 -4.448541
1066 -4.449973
1067 -4.451405
1068 -4.452837
1069 -4.454269
1070 -4.455701
1071 -4.457133
1072 -4.458565
1073 -4.459998
1074 -4.461430
1075 -4.462862
1076 -4.464294
1077 -4.465726
1078 -4.467158
1079 -4.468591
1080 -4.470023
1081 -4.471455
1082 -4.472887
1083 -4.474319
1084 -4.475751
1085 -4.477183
1086 -4.478616
1087 -4.480048
1088 -4.481480
1089 -4.482912
1090 -4.484344
1091 -4.485777
1092 -4.487209
1093 -4.488641
1094 -4.490073
1095 -4.491505
1096 -4.492937
1097 -4.494370
1098 -4.495802
1099 -4.497234
1100 -4.498666
1101 -4.500098
1102 -4.501531
1103 -4.502963
1104 -4.504395
1105 -4.505827
1106 -4.507260
1107 -4.508692
1108 -4.510124
1109 -4.511556
1110 -4.512988
1111 -4.514421
1112 -4.515853
1113 -4.517285
1114 -4.518717
1115 -4.520149
1116 -4.521582
1117 -4.523014
1118 -4.524446
1119 -4.525878
1120 -4.527311
1121 -4.528743
1122 -4.530175
1123 -4.531607
1124 -4.533040
1125 -4.534472
1126 -4.535904
1127 -4.537336
1128 -4.538769
1129 -4.540201
1130 -4.541633
1131 -4.543065
1132 -4.544498
1133 -4.545930
1134 -4.547362
1135 -4.548794
1136 -4.550227
1137 -4.551659
1138 -4.553091
1139 -4.554523
1140 -4.555956
1141 -4.557388
1142 -4.558820
1143 -4.560252
1144 -4.561685
1145 -4.563117
1146 -4.564549
1147 -4.565981
1148 -4.567414
1149 -4.568846
1150 -4.570278
1151 -4.571711
1152 -4.573143
1153 -4.574575
1154 -4.576007
1155 -4.577440
1156 -4.578872
1157 -4.580304
1158 -4.581737
1159 -4.583169
1160 -4.584601
1161 -4.586033
1162 -4.587466
1163 -4.588898
1164 -4.590330
1165 -4.591763
1166 -4.593195
1167 -4.594627
1168 -4.596059
1169 -4.597492
1170 -4.598924
1171 -4.600356
1172 -4.601789
1173 -4.603221
1174 -4.604653
1175 -4.606085
1176 -4.607518
1177 -4.608950
1178 -4.610382
1179 -4.611815
1180 -4.613247
1181 -4.614679
1182 -4.616112
1183 -4.617544
1184 -4.618976
1185 -4.620409
1186 -4.621841
1187 -4.623273
1188 -4.624705
1189 -4.626138
1190 -4.627570
1191 -4.629002
1192 -4.630435
1193 -4.631867
1194 -4.633299
1195 -4.634732
1196 -4.636164
1197 -4.637596
1198 -4.639029
1199 -4.640461
1200 -4.641893
1201 -4.643325
1202 -4.644758
1203 -4.646190
1204 -4.647622
1205 -4.649055
1206 -4.650487
1207 -4.651919
1208 -4.653352
1209 -4.654784
1210 -4.656216
1211 -4.657649
1212 -4.659081
1213 -4.660513
1214 -4.661946
1215 -4.663378
1216 -4.664810
1217 -4.666243
1218 -4.667675
1219 -4.669107
1220 -4.670540
1221 -4.671972
1222 -4.673404
1223 -4.674837
1224 -4.676269
1225 -4.677701
1226 -4.679134
1227 -4.680566
1228 -4.681998
1229 -4.683431
1230 -4.684863
1231 -4.686295
1232 -4.687728
1233 -4.689160
1234 -4.690592
1235 -4.692025
1236 -4.693457
1237 -4.694889
1238 -4.696322
1239 -4.697754
1240 -4.699186
1241 -4.700619
1242 -4.702051
1243 -4.703483
1244 -4.704916
1245 -4.706348
1246 -4.707780
1247 -4.709213
1248 -4.710645
1249 -4.712077
1250 -4.713510
1251 -4.714942
1252 -4.716374
1253 -4.717807
1254 -4.719239
1255 -4.720671
1256 -4.722104
1257 -4.723536
1258 -4.724968
1259 -4.726401
1260 -4.727833
1261 -4.729265
1262 -4.730698
1263 -4.732130
1264 -4.733563
1265 -4.734995
1266 -4.736427
1267 -4.737860
1268 -4.739292
1269 -4.740724
1270 -4.742157
1271 -4.743589
1272 -4.745021
1273 -4.746454
1274 -4.747886
1275 -4.749318
1276 -4.750751
1277 -4.752183
1278 -4.753615
1279 -4.755048
1280 -4.756480
1281 -4.757912
1282 -4.759345
1283 -4.760777
1284 -4.762209
1285 -4.763642
1286 -4.765074
1287 -4.766507
1288 -4.767939
1289 -4.769371
1290 -4.770804
1291 -4.772236
1292 -4.773668
1293 -4.775101
1294 -4.776533
1295 -4.777965
1296 -4.779398
1297 -4.780830
1298 -4.782262
1299 -4.783695
1300 -4.785127
1301 -4.786560
1302 -4.787992
1303 -4.789424
1304 -4.790857
1305 -4.792289
1306 -4.793721
1307 -4.795154
1308 -4.796586
1309 -4.798018
1310 -4.799451
1311 -4.800883
1312 -4.802315
1313 -4.803748
1314 -4.805180
1315 -4.806613
1316 -4.808045
1317 -4.809477
1318 -4.810910
1319 -4.812342
1320 -4.813774
1321 -4.815207
1322 -4.816639
1323 -4.818071
1324 -4.819504
1325 -4.820936
1326 -4.822368
1327 -4.823801
1328 -4.825233
1329 -4.826666
1330 -4.828098
1331 -4.829530
1332 -4.830963
1333 -4.832395
1334 -4.833827
1335 -4.835260
1336 -4.836692
1337 -4.838124
1338 -4.839557
1339 -4.840989
1340 -4.842422
1341 -4.843854
1342 -4.845286
1343 -4.846719
1344 -4.848151
1345 -4.849583
1346 -4.851016
1347 -4.852448
1348 -4.853880
1349 -4.855313
1350 -4.856745
1351 -4.858178
1352 -4.859610
1353 -4.861042
1354 -4.862475
1355 -4.863907
1356 -4.865339
1357 -4.866772
1358 -4.868204
1359 -4.869636
1360 -4.871069
1361 -4.872501
1362 -4.873934
1363 -4.875366
1364 -4.876798
1365 -4.878231
1366 -4.879663
1367 -4.881095
1368 -4.882528
1369 -4.883960
1370 -4.885393
1371 -4.886825
1372 -4.888257
1373 -4.889690
1374 -4.891122
1375 -4.892554
1376 -4.893987
1377 -4.895419
1378 -4.896851
1379 -4.898284
1380 -4.899716
1381 -4.901149
1382 -4.902581
1383 -4.904013
1384 -4.905446
1385 -4.906878
1386 -4.908310
1387 -4.909743
1388 -4.911175
1389 -4.912607
1390 -4.914040
1391 -4.915472
1392 -4.916905
1393 -4.918337
1394 -4.919769
1395 -4.921202
1396 -4.922634
1397 -4.924066
1398 -4.925499
1399 -4.926931
1400 -4.928364
1401 -4.929796
1402 -4.931228
1403 -4.932661
1404 -4.934093
1405 -4.935525
1406 -4.936958
1407 -4.938390
1408 -4.939823
1409 -4.941255
1410 -4.942687
1411 -4.944120
1412 -4.945552
1413 -4.946984
1414 -4.948417
1415 -4.949849
1416 -4.951281
1417 -4.952714
1418 -4.954146
1419 -4.955579
1420 -4.957011
1421 -4.958443
1422 -4.959876
1423 -4.961308
1424 -4.962740
1425 -4.964173
1426 -4.965605
1427 -4.967038
1428 -4.968470
1429 -4.969902
1430 -4.971335
1431 -4.972767
1432 -4.974199
1433 -4.975632
1434 -4.977064
1435 -4.978497
1436 -4.979929
1437 -4.981361
1438 -4.982794
1439 -4.984226
1440 -4.985658
1441 -4.987091
1442 -4.988523
1443 -4.989956
1444 -4.991388
1445 -4.992820
1446 -4.994253
1447 -4.995685
1448 -4.997117
1449 -4.998550
1450 -4.999982
1451 -5.001414
1452 -5.002847
1453 -5.004279
1454 -5.005712
1455 -5.007144
1456 -5.008576
1457 -5.010009
1458 -5.011441
1459 -5.012873
1460 -5.014306
1461 -5.015738
1462 -5.017171
1463 -5.018603
1464 -5.020035
1465 -5.021468
1466 -5.022900
1467 -5.024332
1468 -5.025765
1469 -5.027197
1470 -5.028630
1471 -5.030062
1472 -5.031494
1473 -5.032927
1474 -5.034359
1475 -5.035791
1476 -5.037224
1477 -5.038656
1478 -5.040089
1479 -5.041521
1480 -5.042953
1481 -5.044386
1482 -5.045818
1483 -5.047250
1484 -5.048683
1485 -5.050115
1486 -5.051548
1487 -5.052980
1488 -5.054412
1489 -5.055845
1490 -5.057277
1491 -5.058709
1492 -5.060142
1493 -5.061574
1494 -5.063007
1495 -5.064439
1496 -5.065871
1497 -5.067304
1498 -5.068736
1499 -5.070168
1500 -5.071601
1501 -5.073033
1502 -5.074466
1503 -5.075898
1504 -5.077330
1505 -5.078763
1506 -5.080195
1507 -5.081627
1508 -5.083060
1509 -5.084492
1510 -5.085925
1511 -5.087357
1512 -5.088789
1513 -5.090222
1514 -5.091654
1515 -5.093086
1516 -5.094519
1517 -5.095951
1518 -5.097384
1519 -5.098816
1520 -5.100248
1521 -5.101681
1522 -5.103113
1523 -5.104545
1524 -5.105978
1525 -5.107410
1526 -5.108842
1527 -5.110275
1528 -5.111707
1529 -5.113140
1530 -5.114572
1531 -5.116004
1532 -5.117437
1533 -5.118869
1534 -5.120301
1535 -5.121734
1536 -5.123166
1537 -5.124599
1538 -5.126031
1539 -5.127463
1540 -5.128896
1541 -5.130328
1542 -5.131760
1543 -5.133193
1544 -5.134625
1545 -5.136058
1546 -5.137490
1547 -5.138922
1548 -5.140355
1549 -5.141787
1550 -5.143219
1551 -5.144652
1552 -5.146084
1553 -5.147517
1554 -5.148949
1555 -5.150381
1556 -5.151814
1557 -5.153246
1558 -5.154678
1559 -5.156111
1560 -5.157543
1561 -5.158976
1562 -5.160408
1563 -5.161840
1564 -5.163273
1565 -5.164705
1566 -5.166137
1567 -5.167570
1568 -5.169002
1569 -5.170435
1570 -5.171867
1571 -5.173299
1572 -5.174732
1573 -5.176164
1574 -5.177596
1575 -5.179029
1576 -5.180461
1577 -5.181894
1578 -5.183326
1579 -5.184758
1580 -5.186191
1581 -5.187623
1582 -5.189055
1583 -5.190488
1584 -5.191920
1585 -5.193353
1586 -5.194785
1587 -5.196217
1588 -5.197650
1589 -5.199082
1590 -5.200515
1591 -5.201947
1592 -5.203379
1593 -5.204812
1594 -5.206244
1595 -5.207676
1596 -5.209109
1597 -5.210541
1598 -5.211974
1599 -5.213406
1600 -5.214838
1601 -5.216271
1602 -5.217703
1603 -5.219135
1604 -5.220568
1605 -5.222000
1606 -5.223433
1607 -5.224865
1608 -5.226297
1609 -5.227730
1610 -5.229162
1611 -5.230594
1612 -5.232027
1613 -5.233459
1614 -5.234892
1615 -5.236324
1616 -5.237756
1617 -5.239189
1618 -5.240621
1619 -5.242053
1620 -5.243486
1621 -5.244918
1622 -5.246351
1623 -5.247783
1624 -5.249215
1625 -5.250648
1626 -5.252080
1627 -5.253512
1628 -5.254945
1629 -5.256377
1630 -5.257810
1631 -5.259242
1632 -5.260674
1633 -5.262107
1634 -5.263539
1635 -5.264971
1636 -5.266404
1637 -5.267836
1638 -5.269269
1639 -5.270701
1640 -5.272133
1641 -5.273566
1642 -5.274998
1643 -5.276430
1644 -5.277863
1645 -5.279295
1646 -5.280728
1647 -5.282160
1648 -5.283592
1649 -5.285025
1650 -5.286457
1651 -5.287889
1652 -5.289322
1653 -5.290754
1654 -5.292187
1655 -5.293619
1656 -5.295051
1657 -5.296484
1658 -5.297916
1659 -5.299348
1660 -5.300781
1661 -5.302213
1662 -5.303646
1663 -5.305078
1664 -5.306510
1665 -5.307943
1666 -5.309375
1667 -5.310807
1668 -5.312240
1669 -5.313672
1670 -5.315105
1671 -5.316537
1672 -5.317969
1673 -5.319402
1674 -5.320834
1675 -5.322266
1676 -5.323699
1677 -5.325131
1678 -5.326564
1679 -5.327996
1680 -5.329428
1681 -5.330861
1682 -5.332293
1683 -5.333725
1684 -5.335158
1685 -5.336590
1686 -5.338023
1687 -5.339455
1688 -5.340887
1689 -5.342320
1690 -5.343752
1691 -5.345184
1692 -5.346617
1693 -5.348049
1694 -5.349482
1695 -5.350914
1696 -5.352346
1697 -5.353779
1698 -5.355211
1699 -5.356643
1700 -5.358076
1701 -5.359508
1702 -5.360941
1703 -5.362373
1704 -5.363805
1705 -5.365238
1706 -5.366670
1707 -5.368102
1708 -5.369535
1709 -5.370967
1710 -5.372400
1711 -5.373832
1712 -5.375264
1713 -5.376697
1714 -5.378129
1715 -5.379561
1716 -5.380994
1717 -5.382426
1718 -5.383859
1719 -5.385291
1720 -5.386723
1721 -5.388156
1722 -5.389588
1723 -5.391020
1724 -5.392453
1725 -5.393885
1726 -5.395318
1727 -5.396750
1728 -5.398182
1729 -5.399615
1730 -5.401047
1731 -5.402479
1732 -5.403912
1733 -5.405344
1734 -5.406777
1735 -5.408209
1736 -5.409641
1737 -5.411074
1738 -5.412506
1739 -5.413938
1740 -5.415371
1741 -5.416803
1742 -5.418236
1743 -5.419668
1744 -5.421100
1745 -5.422533
1746 -5.423965
1747 -5.425398
1748 -5.426830
1749 -5.428262
1750 -5.429695
1751 -5.431127
1752 -5.432559
1753 -5.433992
1754 -5.435424
1755 -5.436857
1756 -5.438289
1757 -5.439721
1758 -5.441154
1759 -5.442586
1760 -5.444018
1761 -5.445451
1762 -5.446883
1763 -5.448316
1764 -5.449748
1765 -5.451180
1766 -5.452613
1767 -5.454045
1768 -5.455477
1769 -5.456910
1770 -5.458342
1771 -5.459775
1772 -5.461207
1773 -5.462639
1774 -5.464072
1775 -5.465504
1776 -5.466936
1777 -5.468369
1778 -5.469801
1779 -5.471234
1780 -5.472666
1781 -5.474098
1782 -5.475531
1783 -5.476963
1784 -5.478395
1785 -5.479828
1786 -5.481260
1787 -5.482693
1788 -5.484125
1789 -5.485557
1790 -5.486990
1791 -5.488422
1792 -5.489854
1793 -5.491287
1794 -5.492719
1795 -5.494152
1796 -5.495584
1797 -5.497016
1798 -5.498449
1799 -5.499881
1800 -5.501313
1801 -5.502746
1802 -5.504178
1803 -5.505611
1804 -5.507043
1805 -5.508475
1806 -5.509908
1807 -5.511340
1808 -5.512772
1809 -5.514205
1810 -5.515637
1811 -5.517070
1812 -5.518502
1813 -5.519934
1814 -5.521367
1815 -5.522799
1816 -5.524231
1817 -5.525664
1818 -5.527096
1819 -5.528529
1820 -5.529961
1821 -5.531393
1822 -5.532826
1823 -5.534258
1824 -5.535690
1825 -5.537123
1826 -5.538555
1827 -5.539988
1828 -5.541420
1829 -5.542852
1830 -5.544285
1831 -5.545717
1832 -5.547149
1833 -5.548582
1834 -5.550014
1835 -5.551447
1836 -5.552879
1837 -5.554311
1838 -5.555744
1839 -5.557176
1840 -5.558608
1841 -5.560041
1842 -5.561473
1843 -5.562906
1844 -5.564338
1845 -5.565770
1846 -5.567203
1847 -5.568635
1848 -5.570068
1849 -5.571500
1850 -5.572932
1851 -5.574365
1852 -5.575797
1853 -5.577229
1854 -5.578662
1855 -5.580094
1856 -5.581527
1857 -5.582959
1858 -5.584391
1859 -5.585824
1860 -5.587256
1861 -5.588688
1862 -5.590121
1863 -5.591553
1864 -5.592986
1865 -5.594418
1866 -5.595850
1867 -5.597283
1868 -5.598715
1869 -5.600147
1870 -5.601580
1871 -5.603012
1872 -5.604445
1873 -5.605877
1874 -5.607309
1875 -5.608742
1876 -5.610174
1877 -5.611606
1878 -5.613039
1879 -5.614471
1880 -5.615904
1881 -5.617336
1882 -5.618768
1883 -5.620201
1884 -5.621633
1885 -5.623065
1886 -5.624498
1887 -5.625930
1888 -5.627363
1889 -5.628795
1890 -5.630227
1891 -5.631660
1892 -5.633092
1893 -5.634524
1894 -5.635957
1895 -5.637389
1896 -5.638822
1897 -5.640254
1898 -5.641686
1899 -5.643119
1900 -5.644551
1901 -5.645983
1902 -5.647416
1903 -5.648848
1904 -5.650281
1905 -5.651713
1906 -5.653145
1907 -5.654578
1908 -5.656010
1909 -5.657442
1910 -5.658875
1911 -5.660307
1912 -5.661740
1913 -5.663172
1914 -5.664604
1915 -5.666037
1916 -5.667469
1917 -5.668901
1918 -5.670334
1919 -5.671766
1920 -5.673199
1921 -5.674631
1922 -5.676063
1923 -5.677496
1924 -5.678928
1925 -5.680360
1926 -5.681793
1927 -5.683225
1928 -5.684658
1929 -5.686090
1930 -5.687522
1931 -5.688955
1932 -5.690387
1933 -5.691819
1934 -5.693252
1935 -5.694684
1936 -5.696117
1937 -5.697549
1938 -5.698981
1939 -5.700414
1940 -5.701846
1941 -5.703278
1942 -5.704711
1943 -5.706143
1944 -5.707576
1945 -5.709008
1946 -5.710440
1947 -5.711873
1948 -5.713305
1949 -5.714737
1950 -5.716170
1951 -5.717602
1952 -5.719035
1953 -5.720467
1954 -5.721899
1955 -5.723332
1956 -5.724764
1957 -5.726197
1958 -5.727629
1959 -5.729061
1960 -5.730494
1961 -5.731926
1962 -5.733358
1963 -5.734791
1964 -5.736223
1965 -5.737656
1966 -5.739088
1967 -5.740520
1968 -5.741953
1969 -5.743385
1970 -5.744817
1971 -5.746250
1972 -5.747682
1973 -5.749115
1974 -5.750547
1975 -5.751979
1976 -5.753412
1977 -5.754844
1978 -5.756276
1979 -5.757709
1980 -5.759141
1981 -5.760574
1982 -5.762006
1983 -5.763438
1984 -5.764871
1985 -5.766303
1986 -5.767735
1987 -5.769168
1988 -5.770600
1989 -5.772033
1990 -5.773465
1991 -5.774897
1992 -5.776330
1993 -5.777762
1994 -5.779194
1995 -5.780627
1996 -5.782059
1997 -5.783492
1998 -5.784924
1999 -5.786356
2000 -5.787789
2001 -5.789221
2002 -5.790653
2003 -5.792086
2004 -5.793518
2005 -5.794951
2006 -5.796383
2007 -5.797815
2008 -5.799248
2009 -5.800680
2010 -5.802112
2011 -5.803545
2012 -5.804977
2013 -5.806410
2014 -5.807842
2015 -5.809274
2016 -5.810707
2017 -5.812139
2018 -5.813571
2019 -5.815004
2020 -5.816436
2021 -5.817869
2022 -5.819301
2023 -5.820733
2024 -5.822166
2025 -5.823598
2026 -5.825030
2027 -5.826463
2028 -5.827895
2029 -5.829328
2030 -5.830760
2031 -5.832192
2032 -5.833625
2033 -5.835057
2034 -5.836489
2035 -5.837922
2036 -5.839354
2037 -5.840787
2038 -5.842219
2039 -5.843651
2040 -5.845084
2041 -5.846516
2042 -5.847948
2043 -5.849381
2044 -5.850813
2045 -5.852246
2046 -5.853678
2047 -5.855110
2048 -5.856543
2049 -5.857975
2050 -5.859408
2051 -5.860840
2052 -5.862272
2053 -5.863705
2054 -5.865137
2055 -5.866569
2056 -5.868002
2057 -5.869434
2058 -5.870867
2059 -5.872299
2060 -5.873731
2061 -5.875164
2062 -5.876596
2063 -5.878028
2064 -5.879461
2065 -5.880893
2066 -5.882326
2067 -5.883758
2068 -5.885190
2069 -5.886623
2070 -5.888055
2071 -5.889487
2072 -5.890920
2073 -5.892352
2074 -5.893785
2075 -5.895217
2076 -5.896649
2077 -5.898082
2078 -5.899514
2079 -5.900946
2080 -5.902379
2081 -5.903811
2082 -5.905244
2083 -5.906676
2084 -5.908108
2085 -5.909541
2086 -5.910973
2087 -5.912405
2088 -5.913838
2089 -5.915270
2090 -5.916703
2091 -5.918135
2092 -5.919567
2093 -5.921000
2094 -5.922432
2095 -5.923864
2096 -5.925297
2097 -5.926729
2098 -5.928162
2099 -5.929594
2100 -5.931026
2101 -5.932459
2102 -5.933891
2103 -5.935323
2104 -5.936756
2105 -5.938188
2106 -5.939621
2107 -5.941053
2108 -5.942485
2109 -5.943918
2110 -5.945350
2111 -5.946782
2112 -5.948215
2113 -5.949647
2114 -5.951080
2115 -5.952512
2116 -5.953944
2117 -5.955377
2118 -5.956809
2119 -5.958241
2120 -5.959674
2121 -5.961106
2122 -5.962539
2123 -5.963971
2124 -5.965403
2125 -5.966836
2126 -5.968268
2127 -5.969700
2128 -5.971133
2129 -5.972565
2130 -5.973998
2131 -5.975430
2132 -5.976862
2133 -5.978295
2134 -5.979727
2135 -5.981159
2136 -5.982592
2137 -5.984024
2138 -5.985457
2139 -5.986889
2140 -5.988321
2141 -5.989754
2142 -5.991186
2143 -5.992618
2144 -5.994051
2145 -5.995483
2146 -5.996916
2147 -5.998348
2148 -5.999780
2149 -6.001213
2150 -6.002645
2151 -6.004078
2152 -6.005510
2153 -6.006942
2154 -6.008375
2155 -6.009807
2156 -6.011239
2157 -6.012672
2158 -6.014104
2159 -6.015537
2160 -6.016969
2161 -6.018401
2162 -6.019834
2163 -6.021266
2164 -6.022698
2165 -6.024131
2166 -6.025563
2167 -6.026996
2168 -6.028428
2169 -6.029860
2170 -6.031293
2171 -6.032725
2172 -6.034157
2173 -6.035590
2174 -6.037022
2175 -6.038455
2176 -6.039887
2177 -6.041319
2178 -6.042752
2179 -6.044184
2180 -6.045616
2181 -6.047049
2182 -6.048481
2183 -6.049914
2184 -6.051346
2185 -6.052778
2186 -6.054211
2187 -6.055643
2188 -6.057075
2189 -6.058508
2190 -6.059940
2191 -6.061373
2192 -6.062805
2193 -6.064237
2194 -6.065670
2195 -6.067102
2196 -6.068534
2197 -6.069967
2198 -6.071399
2199 -6.072832
2200 -6.074264
2201 -6.075696
2202 -6.077129
2203 -6.078561
2204 -6.079993
2205 -6.081426
2206 -6.082858
2207 -6.084291
2208 -6.085723
2209 -6.087155
2210 -6.088588
2211 -6.090020
2212 -6.091452
2213 -6.092885
2214 -6.094317
2215 -6.095750
2216 -6.097182
2217 -6.098614
2218 -6.100047
2219 -6.101479
2220 -6.102911
2221 -6.104344
2222 -6.105776
2223 -6.107209
2224 -6.108641
2225 -6.110073
2226 -6.111506
2227 -6.112938
2228 -6.114370
2229 -6.115803
2230 -6.117235
2231 -6.118668
2232 -6.120100
2233 -6.121532
2234 -6.122965
2235 -6.124397
2236 -6.125829
2237 -6.127262
2238 -6.128694
2239 -6.130127
2240 -6.131559
2241 -6.132991
2242 -6.134424
2243 -6.135856
2244 -6.137289
2245 -6.138721
2246 -6.140153
2247 -6.141586
2248 -6.143018
2249 -6.144450
2250 -6.145883
2251 -6.147315
2252 -6.148748
2253 -6.150180
2254 -6.151612
2255 -6.153045
2256 -6.154477
2257 -6.155909
2258 -6.157342
2259 -6.158774
2260 -6.160207
2261 -6.161639
2262 -6.163071
2263 -6.164504
2264 -6.165936
2265 -6.167368
2266 -6.168801
2267 -6.170233
2268 -6.171666
2269 -6.173098
2270 -6.174530
2271 -6.175963
2272 -6.177395
2273 -6.178827
2274 -6.180260
2275 -6.181692
2276 -6.183125
2277 -6.184557
2278 -6.185989
2279 -6.187422
2280 -6.188854
2281 -6.190286
2282 -6.191719
2283 -6.193151
2284 -6.194584
2285 -6.196016
2286 -6.197448
2287 -6.198881
2288 -6.200313
2289 -6.201745
2290 -6.203178
2291 -6.204610
2292 -6.206043
2293 -6.207475
2294 -6.208907
2295 -6.210340
2296 -6.211772
2297 -6.213204
2298 -6.214637
2299 -6.216069
2300 -6.217502
2301 -6.218934
2302 -6.220366
2303 -6.221799
2304 -6.223231
2305 -6.224663
2306 -6.226096
2307 -6.227528
2308 -6.228961
2309 -6.230393
2310 -6.231825
2311 -6.233258
2312 -6.234690
2313 -6.236122
2314 -6.237555
2315 -6.238987
2316 -6.240420
2317 -6.241852
2318 -6.243284
2319 -6.244717
2320 -6.246149
2321 -6.247581
2322 -6.249014
2323 -6.250446
2324 -6.251879
2325 -6.253311
2326 -6.254743
2327 -6.256176
2328 -6.257608
2329 -6.259040
2330 -6.260473
2331 -6.261905
2332 -6.263338
2333 -6.264770
2334 -6.266202
2335 -6.267635
2336 -6.269067
2337 -6.270499
2338 -6.271932
2339 -6.273364
2340 -6.274797
2341 -6.276229
2342 -6.277661
2343 -6.279094
2344 -6.280526
2345 -6.281959
2346 -6.283391
2347 -6.284823
2348 -6.286256
2349 -6.287688
2350 -6.289120
2351 -6.290553
2352 -6.291985
2353 -6.293418
2354 -6.294850
2355 -6.296282
2356 -6.297715
2357 -6.299147
2358 -6.300579
2359 -6.302012
2360 -6.303444
2361 -6.304877
2362 -6.306309
2363 -6.307741
2364 -6.309174
2365 -6.310606
2366 -6.312038
2367 -6.313471
2368 -6.314903
2369 -6.316336
2370 -6.317768
2371 -6.319200
2372 -6.320633
2373 -6.322065
2374 -6.323497
2375 -6.324930
2376 -6.326362
2377 -6.327795
2378 -6.329227
2379 -6.330659
2380 -6.332092
2381 -6.333524
2382 -6.334956
2383 -6.336389
2384 -6.337821
2385 -6.339254
2386 -6.340686
2387 -6.342118
2388 -6.343551
2389 -6.344983
2390 -6.346415
2391 -6.347848
2392 -6.349280
2393 -6.350713
2394 -6.352145
2395 -6.353577
2396 -6.355010
2397 -6.356442
2398 -6.357874
2399 -6.359307
2400 -6.360739
2401 -6.362172
2402 -6.363604
2403 -6.365036
2404 -6.366469
2405 -6.367901
2406 -6.369333
2407 -6.370766
2408 -6.372198
2409 -6.373631
2410 -6.375063
2411 -6.376495
2412 -6.377928
2413 -6.379360
2414 -6.380792
2415 -6.382225
2416 -6.383657
2417 -6.385090
2418 -6.386522
2419 -6.387954
2420 -6.389387
2421 -6.390819
2422 -6.392252
2423 -6.393684
2424 -6.395116
2425 -6.396549
2426 -6.397981
2427 -6.399413
2428 -6.400846
2429 -6.402278
2430 -6.403710
2431 -6.405143
2432 -6.406575
2433 -6.408008
2434 -6.409440
2435 -6.410872
2436 -6.412305
2437 -6.413737
2438 -6.415170
2439 -6.416602
2440 -6.418034
2441 -6.419467
2442 -6.420899
2443 -6.422331
2444 -6.423764
2445 -6.425196
2446 -6.426629
2447 -6.428061
2448 -6.429493
2449 -6.430926
2450 -6.432358
2451 -6.433790
2452 -6.435223
2453 -6.436655
2454 -6.438087
2455 -6.439520
2456 -6.440952
2457 -6.442385
2458 -6.443817
2459 -6.445249
2460 -6.446682
2461 -6.448114
2462 -6.449546
2463 -6.450979
2464 -6.452411
2465 -6.453844
2466 -6.455276
2467 -6.456708
2468 -6.458141
2469 -6.459573
2470 -6.461006
2471 -6.462438
2472 -6.463870
2473 -6.465303
2474 -6.466735
2475 -6.468167
2476 -6.469600
2477 -6.471032
2478 -6.472465
2479 -6.473897
2480 -6.475329
2481 -6.476762
2482 -6.478194
2483 -6.479626
2484 -6.481059
2485 -6.482491
2486 -6.483924
2487 -6.485356
2488 -6.486788
2489 -6.488221
2490 -6.489653
2491 -6.491085
2492 -6.492518
2493 -6.493950
2494 -6.495383
2495 -6.496815
2496 -6.498247
2497 -6.499680
2498 -6.501112
2499 -6.502544
2500 -6.503977
2501 -6.505409
2502 -6.506842
2503 -6.508274
2504 -6.509706
2505 -6.511139
2506 -6.512571
2507 -6.514003
2508 -6.515436
2509 -6.516868
2510 -6.518301
2511 -6.519733
2512 -6.521165
2513 -6.522598
2514 -6.524030
2515 -6.525463
2516 -6.526895
2517 -6.528327
2518 -6.529760
2519 -6.531192
2520 -6.532624
2521 -6.534057
2522 -6.535489
2523 -6.536921
2524 -6.538354
2525 -6.539786
2526 -6.541219
2527 -6.542651
2528 -6.544083
2529 -6.545516
2530 -6.546948
2531 -6.548380
2532 -6.549813
2533 -6.551245
2534 -6.552678
2535 -6.554110
2536 -6.555542
2537 -6.556975
2538 -6.558407
2539 -6.559839
2540 -6.561272
2541 -6.562704
2542 -6.564137
2543 -6.565569
2544 -6.567001
2545 -6.568434
2546 -6.569866
2547 -6.571298
2548 -6.572731
2549 -6.574163
2550 -6.575596
2551 -6.577028
2552 -6.578460
2553 -6.579893
2554 -6.581325
2555 -6.582757
2556 -6.584190
2557 -6.585622
2558 -6.587055
2559 -6.588487
2560 -6.589919
2561 -6.591352
2562 -6.592784
2563 -6.594217
2564 -6.595649
2565 -6.597081
2566 -6.598514
2567 -6.599946
2568 -6.601378
2569 -6.602811
2570 -6.604243
2571 -6.605675
2572 -6.607108
2573 -6.608540
2574 -6.609973
2575 -6.611405
2576 -6.612837
2577 -6.614270
2578 -6.615702
2579 -6.617135
2580 -6.618567
2581 -6.619999
2582 -6.621432
2583 -6.622864
2584 -6.624296
2585 -6.625729
2586 -6.627161
2587 -6.628594
2588 -6.630026
2589 -6.631458
2590 -6.632891
2591 -6.634323
2592 -6.635755
2593 -6.637188
2594 -6.638620
2595 -6.640053
2596 -6.641485
2597 -6.642917
2598 -6.644350
2599 -6.645782
2600 -6.647214
2601 -6.648647
2602 -6.650079
2603 -6.651512
2604 -6.652944
2605 -6.654376
2606 -6.655809
2607 -6.657241
2608 -6.658673
2609 -6.660106
2610 -6.661538
2611 -6.662971
2612 -6.664403
2613 -6.665835
2614 -6.667268
2615 -6.668700
2616 -6.670133
2617 -6.671565
2618 -6.672997
2619 -6.674430
2620 -6.675862
2621 -6.677294
2622 -6.678727
2623 -6.680159
2624 -6.681592
2625 -6.683024
2626 -6.684456
2627 -6.685889
2628 -6.687321
2629 -6.688753
2630 -6.690186
2631 -6.691618
2632 -6.693050
2633 -6.694483
2634 -6.695915
2635 -6.697348
2636 -6.698780
2637 -6.700212
2638 -6.701645
2639 -6.703077
2640 -6.704510
2641 -6.705942
2642 -6.707374
2643 -6.708807
2644 -6.710239
2645 -6.711671
2646 -6.713104
2647 -6.714536
2648 -6.715969
2649 -6.717401
2650 -6.718833
2651 -6.720266
2652 -6.721698
2653 -6.723131
2654 -6.724563
2655 -6.725995
2656 -6.727427
2657 -6.728860
2658 -6.730292
2659 -6.731725
2660 -6.733157
2661 -6.734589
2662 -6.736022
2663 -6.737454
2664 -6.738886
2665 -6.740319
2666 -6.741751
2667 -6.743184
2668 -6.744616
2669 -6.746048
2670 -6.747481
2671 -6.748913
2672 -6.750346
2673 -6.751778
2674 -6.753210
2675 -6.754643
2676 -6.756075
2677 -6.757507
2678 -6.758940
2679 -6.760372
2680 -6.761804
2681 -6.763237
2682 -6.764669
2683 -6.766102
2684 -6.767534
2685 -6.768966
2686 -6.770399
2687 -6.771831
2688 -6.773264
2689 -6.774696
2690 -6.776128
2691 -6.777561
2692 -6.778993
2693 -6.780426
2694 -6.781858
2695 -6.783290
2696 -6.784723
2697 -6.786155
2698 -6.787587
2699 -6.789020
2700 -6.790452
2701 -6.791885
2702 -6.793317
2703 -6.794749
2704 -6.796182
2705 -6.797614
2706 -6.799046
2707 -6.800479
2708 -6.801911
2709 -6.803344
2710 -6.804776
2711 -6.806208
2712 -6.807641
2713 -6.809073
2714 -6.810505
2715 -6.811938
2716 -6.813370
2717 -6.814803
2718 -6.816235
2719 -6.817667
2720 -6.819100
2721 -6.820532
2722 -6.821964
2723 -6.823397
2724 -6.824829
2725 -6.826262
2726 -6.827694
2727 -6.829126
2728 -6.830559
2729 -6.831991
2730 -6.833424
2731 -6.834856
2732 -6.836288
2733 -6.837721
2734 -6.839153
2735 -6.840585
2736 -6.842018
2737 -6.843450
2738 -6.844882
2739 -6.846315
2740 -6.847747
2741 -6.849179
2742 -6.850612
2743 -6.852044
2744 -6.853477
2745 -6.854909
2746 -6.856341
2747 -6.857774
2748 -6.859206
2749 -6.860638
2750 -6.862071
2751 -6.863503
2752 -6.864936
2753 -6.866368
2754 -6.867800
2755 -6.869233
2756 -6.870665
2757 -6.872098
2758 -6.873530
2759 -6.874962
2760 -6.876395
2761 -6.877827
2762 -6.879259
2763 -6.880692
2764 -6.882124
2765 -6.883557
2766 -6.884989
2767 -6.886421
2768 -6.887854
2769 -6.889286
2770 -6.890719
2771 -6.892151
2772 -6.893583
2773 -6.895016
2774 -6.896448
2775 -6.897880
2776 -6.899313
2777 -6.900745
2778 -6.902177
2779 -6.903610
2780 -6.905042
2781 -6.906475
2782 -6.907907
2783 -6.909339
2784 -6.910772
2785 -6.912204
2786 -6.913636
2787 -6.915069
2788 -6.916501
2789 -6.917934
2790 -6.919366
2791 -6.920798
2792 -6.922231
2793 -6.923663
2794 -6.925095
2795 -6.926528
2796 -6.927960
2797 -6.929393
2798 -6.930825
2799 -6.932257
2800 -6.933690
2801 -6.935122
2802 -6.936554
2803 -6.937987
2804 -6.939419
2805 -6.940852
2806 -6.942284
2807 -6.943716
2808 -6.945149
2809 -6.946581
2810 -6.948013
2811 -6.949446
2812 -6.950878
2813 -6.952310
2814 -6.953743
2815 -6.955175
2816 -6.956608
2817 -6.958040
2818 -6.959472
2819 -6.960905
2820 -6.962337
2821 -6.963770
2822 -6.965202
2823 -6.966634
2824 -6.968067
2825 -6.969499
2826 -6.970931
2827 -6.972364
2828 -6.973796
2829 -6.975229
2830 -6.976661
2831 -6.978093
2832 -6.979526
2833 -6.980958
2834 -6.982391
2835 -6.983823
2836 -6.985255
2837 -6.986688
2838 -6.988120
2839 -6.989552
2840 -6.990985
2841 -6.992417
2842 -6.993850
2843 -6.995282
2844 -6.996714
2845 -6.998147
2846 -6.999579
2847 -7.001011
2848 -7.002444
2849 -7.003876
2850 -7.005308
2851 -7.006741
2852 -7.008173
2853 -7.009606
2854 -7.011038
2855 -7.012471
2856 -7.013903
2857 -7.015335
2858 -7.016768
2859 -7.018200
2860 -7.019632
2861 -7.021065
2862 -7.022497
2863 -7.023929
2864 -7.025362
2865 -7.026794
2866 -7.028227
2867 -7.029659
2868 -7.031091
2869 -7.032524
2870 -7.033956
2871 -7.035389
2872 -7.036821
2873 -7.038253
2874 -7.039686
2875 -7.041118
2876 -7.042550
2877 -7.043983
2878 -7.045415
2879 -7.046848
2880 -7.048280
2881 -7.049712
2882 -7.051144
2883 -7.052577
2884 -7.054009
2885 -7.055441
2886 -7.056874
2887 -7.058306
2888 -7.059739
2889 -7.061171
2890 -7.062604
2891 -7.064036
2892 -7.065468
2893 -7.066901
2894 -7.068333
2895 -7.069765
2896 -7.071198
2897 -7.072630
2898 -7.074063
2899 -7.075495
2900 -7.076927
2901 -7.078360
2902 -7.079792
2903 -7.081225
2904 -7.082657
2905 -7.084089
2906 -7.085521
2907 -7.086954
2908 -7.088386
2909 -7.089819
2910 -7.091251
2911 -7.092684
2912 -7.094116
2913 -7.095548
2914 -7.096980
2915 -7.098413
2916 -7.099845
2917 -7.101278
2918 -7.102710
2919 -7.104143
2920 -7.105575
2921 -7.107007
2922 -7.108440
2923 -7.109872
2924 -7.111304
2925 -7.112737
2926 -7.114169
2927 -7.115602
2928 -7.117034
2929 -7.118466
2930 -7.119899
2931 -7.121331
2932 -7.122763
2933 -7.124196
2934 -7.125628
2935 -7.127060
2936 -7.128493
2937 -7.129925
2938 -7.131358
2939 -7.132790
2940 -7.134222
2941 -7.135655
2942 -7.137087
2943 -7.138520
2944 -7.139952
2945 -7.141384
2946 -7.142817
2947 -7.144249
2948 -7.145681
2949 -7.147114
2950 -7.148546
2951 -7.149979
2952 -7.151411
2953 -7.152843
2954 -7.154276
2955 -7.155708
2956 -7.157140
2957 -7.158573
2958 -7.160005
2959 -7.161438
2960 -7.162870
2961 -7.164302
2962 -7.165735
2963 -7.167167
2964 -7.168600
2965 -7.170032
2966 -7.171464
2967 -7.172896
2968 -7.174329
2969 -7.175761
2970 -7.177194
2971 -7.178626
2972 -7.180059
2973 -7.181491
2974 -7.182923
2975 -7.184356
2976 -7.185788
2977 -7.187220
2978 -7.188653
2979 -7.190085
2980 -7.191518
2981 -7.192949
2982 -7.194383
2983 -7.195815
2984 -7.197247
2985 -7.198679
2986 -7.200112
2987 -7.201544
2988 -7.202976
2989 -7.204409
2990 -7.205841
2991 -7.207274
2992 -7.208706
2993 -7.210138
2994 -7.211571
2995 -7.213003
2996 -7.214436
2997 -7.215868
2998 -7.217300
2999 -7.218732
3000 -7.220165
3001 -7.221597
3002 -7.223030
3003 -7.224462
3004 -7.225895
3005 -7.227326
3006 -7.228759
3007 -7.230192
3008 -7.231624
3009 -7.233056
3010 -7.234489
3011 -7.235922
3012 -7.237353
3013 -7.238786
3014 -7.240218
3015 -7.241650
3016 -7.243083
3017 -7.244515
3018 -7.245948
3019 -7.247380
3020 -7.248812
3021 -7.250245
3022 -7.251677
3023 -7.253110
3024 -7.254542
3025 -7.255974
3026 -7.257407
3027 -7.258839
3028 -7.260272
3029 -7.261704
3030 -7.263136
3031 -7.264569
3032 -7.266001
3033 -7.267433
3034 -7.268866
3035 -7.270298
3036 -7.271731
3037 -7.273163
3038 -7.274595
3039 -7.276027
3040 -7.277460
3041 -7.278892
3042 -7.280325
3043 -7.281757
3044 -7.283189
3045 -7.284622
3046 -7.286054
3047 -7.287487
3048 -7.288919
3049 -7.290351
3050 -7.291784
3051 -7.293216
3052 -7.294649
3053 -7.296081
3054 -7.297513
3055 -7.298946
3056 -7.300378
3057 -7.301810
3058 -7.303243
3059 -7.304675
3060 -7.306107
3061 -7.307540
3062 -7.308972
3063 -7.310405
3064 -7.311837
3065 -7.313270
3066 -7.314702
3067 -7.316134
3068 -7.317566
3069 -7.318999
3070 -7.320431
3071 -7.321863
3072 -7.323296
3073 -7.324728
3074 -7.326161
3075 -7.327593
3076 -7.329026
3077 -7.330458
3078 -7.331890
3079 -7.333323
3080 -7.334755
3081 -7.336187
3082 -7.337620
3083 -7.339052
3084 -7.340485
3085 -7.341917
3086 -7.343349
3087 -7.344782
3088 -7.346214
3089 -7.347646
3090 -7.349079
3091 -7.350511
3092 -7.351944
3093 -7.353376
3094 -7.354808
3095 -7.356241
3096 -7.357673
3097 -7.359106
3098 -7.360537
3099 -7.361970
3100 -7.363403
3101 -7.364835
3102 -7.366267
3103 -7.367700
3104 -7.369133
3105 -7.370564
3106 -7.371997
3107 -7.373429
3108 -7.374862
3109 -7.376294
3110 -7.377727
3111 -7.379159
3112 -7.380591
3113 -7.382024
3114 -7.383456
3115 -7.384888
3116 -7.386320
3117 -7.387753
3118 -7.389185
3119 -7.390618
3120 -7.392050
3121 -7.393482
3122 -7.394915
3123 -7.396347
3124 -7.397780
3125 -7.399212
3126 -7.400644
3127 -7.402077
3128 -7.403510
3129 -7.404941
3130 -7.406374
3131 -7.407807
3132 -7.409239
3133 -7.410671
3134 -7.412104
3135 -7.413536
3136 -7.414968
3137 -7.416400
3138 -7.417833
3139 -7.419265
3140 -7.420698
3141 -7.422130
3142 -7.423562
3143 -7.424995
3144 -7.426427
3145 -7.427860
3146 -7.429292
3147 -7.430724
3148 -7.432156
3149 -7.433589
3150 -7.435021
3151 -7.436454
3152 -7.437886
3153 -7.439319
3154 -7.440751
3155 -7.442183
3156 -7.443616
3157 -7.445048
3158 -7.446481
3159 -7.447913
3160 -7.449345
3161 -7.450778
3162 -7.452210
3163 -7.453642
3164 -7.455075
3165 -7.456507
3166 -7.457939
3167 -7.459372
3168 -7.460804
3169 -7.462236
3170 -7.463669
3171 -7.465101
3172 -7.466533
3173 -7.467966
3174 -7.469398
3175 -7.470831
3176 -7.472263
3177 -7.473696
3178 -7.475127
3179 -7.476561
3180 -7.477992
3181 -7.479425
3182 -7.480858
3183 -7.482290
3184 -7.483722
3185 -7.485155
3186 -7.486587
3187 -7.488019
3188 -7.489451
3189 -7.490884
3190 -7.492317
3191 -7.493749
3192 -7.495181
3193 -7.496614
3194 -7.498046
3195 -7.499478
3196 -7.500911
3197 -7.502343
3198 -7.503776
3199 -7.505208
3200 -7.506640
3201 -7.508072
3202 -7.509505
3203 -7.510938
3204 -7.512369
3205 -7.513802
3206 -7.515234
3207 -7.516667
3208 -7.518099
3209 -7.519532
3210 -7.520964
3211 -7.522397
3212 -7.523828
3213 -7.525261
3214 -7.526693
3215 -7.528125
3216 -7.529558
3217 -7.530991
3218 -7.532423
3219 -7.533856
3220 -7.535287
3221 -7.536720
3222 -7.538153
3223 -7.539584
3224 -7.541017
3225 -7.542449
3226 -7.543882
3227 -7.545315
3228 -7.546746
3229 -7.548179
3230 -7.549611
3231 -7.551044
3232 -7.552476
3233 -7.553909
3234 -7.555341
3235 -7.556773
3236 -7.558206
3237 -7.559638
3238 -7.561070
3239 -7.562503
3240 -7.563935
3241 -7.565368
3242 -7.566800
3243 -7.568233
3244 -7.569664
3245 -7.571097
3246 -7.572530
3247 -7.573962
3248 -7.575394
3249 -7.576827
3250 -7.578260
3251 -7.579691
3252 -7.581123
3253 -7.582556
3254 -7.583989
3255 -7.585421
3256 -7.586854
3257 -7.588286
3258 -7.589718
3259 -7.591151
3260 -7.592583
3261 -7.594015
3262 -7.595448
3263 -7.596880
3264 -7.598312
3265 -7.599745
3266 -7.601177
3267 -7.602610
3268 -7.604042
3269 -7.605475
3270 -7.606906
3271 -7.608339
3272 -7.609772
3273 -7.611203
3274 -7.612636
3275 -7.614068
3276 -7.615501
3277 -7.616933
3278 -7.618365
3279 -7.619798
3280 -7.621230
3281 -7.622663
3282 -7.624095
3283 -7.625527
3284 -7.626960
3285 -7.628392
3286 -7.629825
3287 -7.631257
3288 -7.632689
3289 -7.634122
3290 -7.635554
3291 -7.636987
3292 -7.638419
3293 -7.639852
3294 -7.641284
3295 -7.642717
3296 -7.644148
3297 -7.645581
3298 -7.647013
3299 -7.648446
3300 -7.649878
3301 -7.651311
3302 -7.652743
3303 -7.654175
3304 -7.655607
3305 -7.657040
3306 -7.658471
3307 -7.659904
3308 -7.661336
3309 -7.662770
3310 -7.664202
3311 -7.665634
3312 -7.667067
3313 -7.668499
3314 -7.669931
3315 -7.671363
3316 -7.672797
3317 -7.674228
3318 -7.675661
3319 -7.677093
3320 -7.678525
3321 -7.679957
3322 -7.681391
3323 -7.682823
3324 -7.684255
3325 -7.685687
3326 -7.687120
3327 -7.688552
3328 -7.689983
3329 -7.691417
3330 -7.692849
3331 -7.694281
3332 -7.695714
3333 -7.697147
3334 -7.698579
3335 -7.700011
3336 -7.701443
3337 -7.702876
3338 -7.704308
3339 -7.705740
3340 -7.707174
3341 -7.708605
3342 -7.710037
3343 -7.711470
3344 -7.712902
3345 -7.714335
3346 -7.715767
3347 -7.717200
3348 -7.718631
3349 -7.720065
3350 -7.721497
3351 -7.722929
3352 -7.724361
3353 -7.725794
3354 -7.727226
3355 -7.728658
3356 -7.730091
3357 -7.731523
3358 -7.732957
3359 -7.734388
3360 -7.735820
3361 -7.737253
3362 -7.738685
3363 -7.740117
3364 -7.741550
3365 -7.742982
3366 -7.744415
3367 -7.745847
3368 -7.747280
3369 -7.748711
3370 -7.750145
3371 -7.751576
3372 -7.753010
3373 -7.754441
3374 -7.755873
3375 -7.757306
3376 -7.758739
3377 -7.760171
3378 -7.761604
3379 -7.763036
3380 -7.764468
3381 -7.765901
3382 -7.767333
3383 -7.768765
3384 -7.770197
3385 -7.771630
3386 -7.773062
3387 -7.774495
3388 -7.775926
3389 -7.777359
3390 -7.778791
3391 -7.780225
3392 -7.781656
3393 -7.783088
3394 -7.784521
3395 -7.785954
3396 -7.787385
3397 -7.788819
3398 -7.790251
3399 -7.791683
3400 -7.793116
3401 -7.794548
3402 -7.795980
3403 -7.797412
3404 -7.798845
3405 -7.800278
3406 -7.801710
3407 -7.803143
3408 -7.804575
3409 -7.806007
3410 -7.807440
3411 -7.808871
3412 -7.810303
3413 -7.811737
3414 -7.813169
3415 -7.814601
3416 -7.816034
3417 -7.817467
3418 -7.818898
3419 -7.820330
3420 -7.821765
3421 -7.823195
3422 -7.824628
3423 -7.826060
3424 -7.827493
3425 -7.828924
3426 -7.830357
3427 -7.831790
3428 -7.833221
3429 -7.834655
3430 -7.836088
3431 -7.837519
3432 -7.838951
3433 -7.840384
3434 -7.841816
3435 -7.843248
3436 -7.844681
3437 -7.846114
3438 -7.847545
3439 -7.848978
3440 -7.850411
3441 -7.851843
3442 -7.853276
3443 -7.854707
3444 -7.856141
3445 -7.857572
3446 -7.859005
3447 -7.860438
3448 -7.861869
3449 -7.863302
3450 -7.864734
3451 -7.866166
3452 -7.867600
3453 -7.869032
3454 -7.870463
3455 -7.871896
3456 -7.873328
3457 -7.874761
3458 -7.876194
3459 -7.877625
3460 -7.879059
3461 -7.880491
3462 -7.881922
3463 -7.883356
3464 -7.884788
3465 -7.886220
3466 -7.887652
3467 -7.889084
3468 -7.890517
3469 -7.891949
3470 -7.893382
3471 -7.894813
3472 -7.896248
3473 -7.897679
3474 -7.899112
3475 -7.900543
3476 -7.901975
3477 -7.903409
3478 -7.904842
3479 -7.906272
3480 -7.907704
3481 -7.909138
3482 -7.910570
3483 -7.912002
3484 -7.913434
3485 -7.914869
3486 -7.916299
3487 -7.917732
3488 -7.919164
3489 -7.920598
3490 -7.922031
3491 -7.923463
3492 -7.924894
3493 -7.926326
3494 -7.927759
3495 -7.929192
3496 -7.930624
3497 -7.932056
3498 -7.933488
3499 -7.934921
3500 -7.936352
3501 -7.937785
3502 -7.939218
3503 -7.940649
3504 -7.942080
3505 -7.943515
3506 -7.944948
3507 -7.946380
3508 -7.947813
3509 -7.949243
3510 -7.950676
3511 -7.952109
3512 -7.953542
3513 -7.954973
3514 -7.956406
3515 -7.957838
3516 -7.959270
3517 -7.960703
3518 -7.962136
3519 -7.963567
3520 -7.965002
3521 -7.966434
3522 -7.967864
3523 -7.969298
3524 -7.970729
3525 -7.972164
3526 -7.973595
3527 -7.975028
3528 -7.976459
3529 -7.977893
3530 -7.979325
3531 -7.980757
3532 -7.982190
3533 -7.983622
3534 -7.985053
3535 -7.986486
3536 -7.987918
3537 -7.989352
3538 -7.990785
3539 -7.992216
3540 -7.993649
3541 -7.995082
3542 -7.996514
3543 -7.997942
3544 -7.999377
3545 -8.000809
3546 -8.002242
3547 -8.003676
3548 -8.005106
3549 -8.006539
3550 -8.007971
3551 -8.009405
3552 -8.010835
3553 -8.012269
3554 -8.013701
3555 -8.015134
3556 -8.016567
3557 -8.017998
3558 -8.019431
3559 -8.020865
3560 -8.022297
3561 -8.023728
3562 -8.025160
3563 -8.026593
3564 -8.028027
3565 -8.029457
3566 -8.030889
3567 -8.032322
3568 -8.033754
3569 -8.035189
3570 -8.036619
3571 -8.038053
3572 -8.039484
3573 -8.040918
3574 -8.042348
3575 -8.043783
3576 -8.045213
3577 -8.046647
3578 -8.048078
3579 -8.049511
3580 -8.050942
3581 -8.052377
3582 -8.053809
3583 -8.055239
3584 -8.056671
3585 -8.058108
3586 -8.059536
3587 -8.060971
3588 -8.062401
3589 -8.063835
3590 -8.065266
3591 -8.066699
3592 -8.068134
3593 -8.069565
3594 -8.070996
3595 -8.072430
3596 -8.073860
3597 -8.075295
3598 -8.076724
3599 -8.078159
3600 -8.079590
3601 -8.081025
3602 -8.082454
3603 -8.083889
3604 -8.085319
3605 -8.086754
3606 -8.088186
3607 -8.089617
3608 -8.091053
3609 -8.092480
3610 -8.093914
3611 -8.095348
3612 -8.096778
3613 -8.098213
3614 -8.099646
3615 -8.101078
3616 -8.102509
3617 -8.103940
3618 -8.105373
3619 -8.106805
3620 -8.108238
3621 -8.109673
3622 -8.111101
3623 -8.112536
3624 -8.113968
3625 -8.115401
3626 -8.116830
3627 -8.118265
3628 -8.119700
3629 -8.121130
3630 -8.122563
3631 -8.123995
3632 -8.125425
3633 -8.126859
3634 -8.128292
3635 -8.129726
3636 -8.131154
3637 -8.132588
3638 -8.134020
3639 -8.135453
3640 -8.136884
3641 -8.138317
3642 -8.139754
3643 -8.141182
3644 -8.142612
3645 -8.144048
3646 -8.145480
3647 -8.146914
3648 -8.148347
3649 -8.149777
3650 -8.151212
3651 -8.152641
3652 -8.154075
3653 -8.155507
3654 -8.156939
3655 -8.158373
3656 -8.159803
3657 -8.161235
3658 -8.162668
3659 -8.164100
3660 -8.165533
3661 -8.166966
3662 -8.168400
3663 -8.169830
3664 -8.171262
3665 -8.172696
3666 -8.174126
3667 -8.175559
3668 -8.176991
3669 -8.178422
3670 -8.179856
3671 -8.181287
3672 -8.182721
3673 -8.184154
3674 -8.185586
3675 -8.187020
3676 -8.188450
3677 -8.189884
3678 -8.191316
3679 -8.192749
3680 -8.194178
3681 -8.195613
3682 -8.197046
3683 -8.198479
3684 -8.199910
3685 -8.201342
3686 -8.202775
3687 -8.204206
3688 -8.205640
3689 -8.207072
3690 -8.208504
3691 -8.209939
3692 -8.211368
3693 -8.212801
3694 -8.214237
3695 -8.215667
3696 -8.217099
3697 -8.218530
3698 -8.219963
3699 -8.221397
3700 -8.222828
3701 -8.224263
3702 -8.225693
3703 -8.227126
3704 -8.228559
3705 -8.229992
3706 -8.231423
3707 -8.232856
3708 -8.234287
3709 -8.235720
3710 -8.237153
3711 -8.238584
3712 -8.240018
3713 -8.241447
3714 -8.242881
3715 -8.244317
3716 -8.245747
3717 -8.247176
3718 -8.248609
3719 -8.250044
3720 -8.251477
3721 -8.252911
3722 -8.254341
3723 -8.255771
3724 -8.257202
3725 -8.258639
3726 -8.260065
3727 -8.261505
3728 -8.262938
3729 -8.264366
3730 -8.265799
3731 -8.267234
3732 -8.268663
3733 -8.270099
3734 -8.271528
3735 -8.272960
3736 -8.274390
3737 -8.275828
3738 -8.277255
3739 -8.278690
3740 -8.280128
3741 -8.281554
3742 -8.282987
3743 -8.284420
3744 -8.285854
3745 -8.287286
3746 -8.288718
3747 -8.290154
3748 -8.291581
3749 -8.293016
3750 -8.294447
3751 -8.295884
3752 -8.297311
3753 -8.298743
3754 -8.300178
3755 -8.301608
3756 -8.303040
3757 -8.304470
3758 -8.305905
3759 -8.307337
3760 -8.308773
3761 -8.310204
3762 -8.311639
3763 -8.313067
3764 -8.314499
3765 -8.315932
3766 -8.317361
3767 -8.318794
3768 -8.320232
3769 -8.321662
3770 -8.323095
3771 -8.324527
3772 -8.325957
3773 -8.327390
3774 -8.328821
3775 -8.330256
3776 -8.331687
3777 -8.333125
3778 -8.334554
3779 -8.335988
3780 -8.337417
3781 -8.338853
3782 -8.340286
3783 -8.341717
3784 -8.343145
3785 -8.344585
3786 -8.346013
3787 -8.347442
3788 -8.348878
3789 -8.350306
3790 -8.351740
3791 -8.353175
3792 -8.354610
3793 -8.356042
3794 -8.357471
3795 -8.358904
3796 -8.360338
3797 -8.361771
3798 -8.363201
3799 -8.364637
3800 -8.366066
3801 -8.367496
3802 -8.368930
3803 -8.370368
3804 -8.371793
3805 -8.373226
3806 -8.374661
3807 -8.376090
3808 -8.377526
3809 -8.378961
3810 -8.380387
3811 -8.381823
3812 -8.383255
3813 -8.384687
3814 -8.386115
3815 -8.387554
3816 -8.388985
3817 -8.390416
3818 -8.391846
3819 -8.393281
3820 -8.394713
3821 -8.396144
3822 -8.397578
3823 -8.399011
3824 -8.400446
3825 -8.401874
3826 -8.403310
3827 -8.404744
3828 -8.406172
3829 -8.407603
3830 -8.409038
3831 -8.410466
3832 -8.411899
3833 -8.413334
3834 -8.414767
3835 -8.416201
3836 -8.417628
3837 -8.419064
3838 -8.420495
3839 -8.421927
3840 -8.423362
3841 -8.424795
3842 -8.426227
3843 -8.427659
3844 -8.429092
3845 -8.430525
3846 -8.431957
3847 -8.433387
3848 -8.434818
3849 -8.436254
3850 -8.437683
3851 -8.439120
3852 -8.440548
3853 -8.441980
3854 -8.443416
3855 -8.444848
3856 -8.446279
3857 -8.447710
3858 -8.449145
3859 -8.450572
3860 -8.452004
3861 -8.453445
3862 -8.454879
3863 -8.456303
3864 -8.457738
3865 -8.459173
3866 -8.460603
3867 -8.462036
3868 -8.463464
3869 -8.464898
3870 -8.466334
3871 -8.467766
3872 -8.469197
3873 -8.470631
3874 -8.472066
3875 -8.473495
3876 -8.474924
3877 -8.476364
3878 -8.477796
3879 -8.479220
3880 -8.480658
3881 -8.482087
3882 -8.483516
3883 -8.484956
3884 -8.486383
3885 -8.487818
3886 -8.489250
3887 -8.490679
3888 -8.492116
3889 -8.493550
3890 -8.494976
3891 -8.496410
3892 -8.497846
3893 -8.499283
3894 -8.500708
3895 -8.502141
3896 -8.503576
3897 -8.505006
3898 -8.506436
3899 -8.507873
3900 -8.509302
3901 -8.510736
3902 -8.512167
3903 -8.513600
3904 -8.515036
3905 -8.516465
3906 -8.517900
3907 -8.519334
3908 -8.520762
3909 -8.522193
3910 -8.523629
3911 -8.525065
3912 -8.526493
3913 -8.527927
3914 -8.529358
3915 -8.530790
3916 -8.532217
3917 -8.533649
3918 -8.535086
3919 -8.536519
3920 -8.537954
3921 -8.539383
3922 -8.540817
3923 -8.542251
3924 -8.543680
3925 -8.545118
3926 -8.546542
3927 -8.547972
3928 -8.549414
3929 -8.550848
3930 -8.552272
3931 -8.553708
3932 -8.555139
3933 -8.556573
3934 -8.557999
3935 -8.559431
3936 -8.560874
3937 -8.562307
3938 -8.563729
3939 -8.565160
3940 -8.566598
3941 -8.568031
3942 -8.569464
3943 -8.570900
3944 -8.572328
3945 -8.573757
3946 -8.575192
3947 -8.576623
3948 -8.578056
3949 -8.579490
3950 -8.580916
3951 -8.582356
3952 -8.583792
3953 -8.585221
3954 -8.586646
3955 -8.588079
3956 -8.589520
3957 -8.590954
3958 -8.592385
3959 -8.593822
3960 -8.595251
3961 -8.596679
3962 -8.598115
3963 -8.599541
3964 -8.600978
3965 -8.602412
3966 -8.603841
3967 -8.605279
3968 -8.606697
3969 -8.608132
3970 -8.609572
3971 -8.610999
3972 -8.612431
3973 -8.613873
3974 -8.615298
3975 -8.616728
3976 -8.618164
3977 -8.619598
3978 -8.621030
3979 -8.622464
3980 -8.623891
3981 -8.625328
3982 -8.626759
3983 -8.628188
3984 -8.629625
3985 -8.631050
3986 -8.632491
3987 -8.633926
3988 -8.635355
3989 -8.636785
3990 -8.638214
3991 -8.639648
3992 -8.641075
3993 -8.642508
3994 -8.643949
3995 -8.645377
3996 -8.646815
3997 -8.648245
3998 -8.649673
3999 -8.651111
4000 -8.652546
4001 -8.653974
4002 -8.655407
4003 -8.656831
4004 -8.658276
4005 -8.659701
4006 -8.661137
4007 -8.662573
4008 -8.664002
4009 -8.665429
4010 -8.666861
4011 -8.668303
4012 -8.669729
4013 -8.671170
4014 -8.672585
4015 -8.674028
4016 -8.675454
4017 -8.676896
4018 -8.678333
4019 -8.679751
4020 -8.681195
4021 -8.682619
4022 -8.684053
4023 -8.685478
4024 -8.686919
4025 -8.688343
4026 -8.689781
4027 -8.691215
4028 -8.692651
4029 -8.694070
4030 -8.695512
4031 -8.696947
4032 -8.698378
4033 -8.699819
4034 -8.701238
4035 -8.702671
4036 -8.704101
4037 -8.705536
4038 -8.706968
4039 -8.708401
4040 -8.709843
4041 -8.711260
4042 -8.712703
4043 -8.714131
4044 -8.715558
4045 -8.716995
4046 -8.718425
4047 -8.719859
4048 -8.721304
4049 -8.722725
4050 -8.724158
4051 -8.725585
4052 -8.727037
4053 -8.728456
4054 -8.729895
4055 -8.731330
4056 -8.732747
4057 -8.734193
4058 -8.735621
4059 -8.737053
4060 -8.738486
4061 -8.739919
4062 -8.741344
4063 -8.742784
4064 -8.744209
4065 -8.745640
4066 -8.747085
4067 -8.748511
4068 -8.749938
4069 -8.751371
4070 -8.752813
4071 -8.754246
4072 -8.755669
4073 -8.757097
4074 -8.758547
4075 -8.759970
4076 -8.761395
4077 -8.762836
4078 -8.764260
4079 -8.765701
4080 -8.767131
4081 -8.768561
4082 -8.769991
4083 -8.771427
4084 -8.772864
4085 -8.774284
4086 -8.775730
4087 -8.777162
4088 -8.778588
4089 -8.780019
4090 -8.781456
4091 -8.782892
4092 -8.784313
4093 -8.785760
4094 -8.787185
4095 -8.788628
4096 -8.790047
4097 -8.791479
4098 -8.792903
4099 -8.794351
4100 -8.795776
4101 -8.797223
4102 -8.798647
4103 -8.800082
4104 -8.801512
4105 -8.802926
4106 -8.804383
4107 -8.805800
4108 -8.807239
4109 -8.808680
4110 -8.810089
4111 -8.811541
4112 -8.812961
4113 -8.814405
4114 -8.815826
4115 -8.817275
4116 -8.818701
4117 -8.820125
4118 -8.821561
4119 -8.822996
4120 -8.824432
4121 -8.825866
4122 -8.827283
4123 -8.828721
4124 -8.830160
4125 -8.831586
4126 -8.833024
4127 -8.834461
4128 -8.835872
4129 -8.837321
4130 -8.838755
4131 -8.840177
4132 -8.841615
4133 -8.843049
4134 -8.844480
4135 -8.845905
4136 -8.847341
4137 -8.848776
4138 -8.850217
4139 -8.851644
4140 -8.853064
4141 -8.854521
4142 -8.855946
4143 -8.857368
4144 -8.858797
4145 -8.860238
4146 -8.861671
4147 -8.863103
4148 -8.864534
4149 -8.865969
4150 -8.867386
4151 -8.868833
4152 -8.870266
4153 -8.871689
4154 -8.873133
4155 -8.874555
4156 -8.875996
4157 -8.877416
4158 -8.878861
4159 -8.880292
4160 -8.881720
4161 -8.883148
4162 -8.884580
4163 -8.886020
4164 -8.887456
4165 -8.888892
4166 -8.890325
4167 -8.891750
4168 -8.893183
4169 -8.894604
4170 -8.896046
4171 -8.897479
4172 -8.898904
4173 -8.900349
4174 -8.901783
4175 -8.903217
4176 -8.904634
4177 -8.906072
4178 -8.907501
4179 -8.908940
4180 -8.910371
4181 -8.911795
4182 -8.913237
4183 -8.914671
4184 -8.916096
4185 -8.917525
4186 -8.918960
4187 -8.920385
4188 -8.921831
4189 -8.923268
4190 -8.924688
4191 -8.926134
4192 -8.927572
4193 -8.928983
4194 -8.930410
4195 -8.931856
4196 -8.933293
4197 -8.934720
4198 -8.936143
4199 -8.937596
4200 -8.939009
4201 -8.940443
4202 -8.941879
4203 -8.943308
4204 -8.944748
4205 -8.946172
4206 -8.947624
4207 -8.949034
4208 -8.950481
4209 -8.951894
4210 -8.953335
4211 -8.954782
4212 -8.956203
4213 -8.957623
4214 -8.959086
4215 -8.960491
4216 -8.961925
4217 -8.963381
4218 -8.964809
4219 -8.966236
4220 -8.967658
4221 -8.969094
4222 -8.970529
4223 -8.971959
4224 -8.973396
4225 -8.974829
4226 -8.976242
4227 -8.977678
4228 -8.979119
4229 -8.980564
4230 -8.981983
4231 -8.983416
4232 -8.984844
4233 -8.986276
4234 -8.987717
4235 -8.989152
4236 -8.990593
4237 -8.992005
4238 -8.993458
4239 -8.994880
4240 -8.996300
4241 -8.997741
4242 -8.999164
4243 -9.000634
4244 -9.002030
4245 -9.003486
4246 -9.004891
4247 -9.006350
4248 -9.007768
4249 -9.009200
4250 -9.010626
4251 -9.012071
4252 -9.013490
4253 -9.014934
4254 -9.016373
4255 -9.017802
4256 -9.019236
4257 -9.020671
4258 -9.022087
4259 -9.023528
4260 -9.024964
4261 -9.026414
4262 -9.027821
4263 -9.029256
4264 -9.030693
4265 -9.032128
4266 -9.033531
4267 -9.034985
4268 -9.036434
4269 -9.037861
4270 -9.039294
4271 -9.040721
4272 -9.042145
4273 -9.043573
4274 -9.045028
4275 -9.046437
4276 -9.047872
4277 -9.049304
4278 -9.050760
4279 -9.052161
4280 -9.053597
4281 -9.055040
4282 -9.056478
4283 -9.057901
4284 -9.059318
4285 -9.060780
4286 -9.062199
4287 -9.063633
4288 -9.065053
4289 -9.066496
4290 -9.067926
4291 -9.069371
4292 -9.070779
4293 -9.072237
4294 -9.073665
4295 -9.075091
4296 -9.076521
4297 -9.077967
4298 -9.079386
4299 -9.080822
4300 -9.082231
4301 -9.083677
4302 -9.085110
4303 -9.086545
4304 -9.087973
4305 -9.089421
4306 -9.090861
4307 -9.092275
4308 -9.093704
4309 -9.095151
4310 -9.096582
4311 -9.098005
4312 -9.099424
4313 -9.100902
4314 -9.102319
4315 -9.103732
4316 -9.105182
4317 -9.106592
4318 -9.108056
4319 -9.109454
4320 -9.110915
4321 -9.112347
4322 -9.113775
4323 -9.115216
4324 -9.116619
4325 -9.118061
4326 -9.119508
4327 -9.120916
4328 -9.122351
4329 -9.123803
4330 -9.125225
4331 -9.126687
4332 -9.128074
4333 -9.129536
4334 -9.130946
4335 -9.132382
4336 -9.133823
4337 -9.135260
4338 -9.136701
4339 -9.138125
4340 -9.139540
4341 -9.140973
4342 -9.142424
4343 -9.143843
4344 -9.145290
4345 -9.146709
4346 -9.148133
4347 -9.149548
4348 -9.151019
4349 -9.152433
4350 -9.153853
4351 -9.155341
4352 -9.156719
4353 -9.158166
4354 -9.159571
4355 -9.161041
4356 -9.162493
4357 -9.163898
4358 -9.165335
4359 -9.166763
4360 -9.168210
4361 -9.169623
4362 -9.171055
4363 -9.172491
4364 -9.173908
4365 -9.175354
4366 -9.176784
4367 -9.178215
4368 -9.179651
4369 -9.181081
4370 -9.182545
4371 -9.183955
4372 -9.185404
4373 -9.186812
4374 -9.188270
4375 -9.189678
4376 -9.191116
4377 -9.192548
4378 -9.193984
4379 -9.195400
4380 -9.196861
4381 -9.198245
4382 -9.199731
4383 -9.201139
4384 -9.202567
4385 -9.204027
4386 -9.205422
4387 -9.206853
4388 -9.208316
4389 -9.209741
4390 -9.211187
4391 -9.212622
4392 -9.214034
4393 -9.215440
4394 -9.216893
4395 -9.218347
4396 -9.219783
4397 -9.221223
4398 -9.222653
4399 -9.224059
4400 -9.225470
4401 -9.226930
4402 -9.228338
4403 -9.229796
4404 -9.231198
4405 -9.232665
4406 -9.234076
4407 -9.235513
4408 -9.236966
4409 -9.238379
4410 -9.239826
4411 -9.241219
4412 -9.242697
4413 -9.244117
4414 -9.245512
4415 -9.246988
4416 -9.248388
4417 -9.249848
4418 -9.251309
4419 -9.252711
4420 -9.254169
4421 -9.255567
4422 -9.257023
4423 -9.258430
4424 -9.259878
4425 -9.261300
4426 -9.262739
4427 -9.264153
4428 -9.265559
4429 -9.267030
4430 -9.268494
4431 -9.269883
4432 -9.271290
4433 -9.272786
4434 -9.274189
4435 -9.275677
4436 -9.277040
4437 -9.278493
4438 -9.279947
4439 -9.281360
4440 -9.282796
4441 -9.284219
4442 -9.285628
4443 -9.287078
4444 -9.288534
4445 -9.289975
4446 -9.291376
4447 -9.292795
4448 -9.294270
4449 -9.295684
4450 -9.297123
4451 -9.298514
4452 -9.299942
4453 -9.301428
4454 -9.302847
4455 -9.304295
4456 -9.305729
4457 -9.307129
4458 -9.308552
4459 -9.309986
4460 -9.311439
4461 -9.312902
4462 -9.314311
4463 -9.315764
4464 -9.317128
4465 -9.318611
4466 -9.320044
4467 -9.321441
4468 -9.322904
4469 -9.324297
4470 -9.325769
4471 -9.327206
4472 -9.328618
4473 -9.330084
4474 -9.331450
4475 -9.332947
4476 -9.334321
4477 -9.335813
4478 -9.337269
4479 -9.338642
4480 -9.340092
4481 -9.341547
4482 -9.342912
4483 -9.344398
4484 -9.345830
4485 -9.347231
4486 -9.348695
4487 -9.350120
4488 -9.351519
4489 -9.352982
4490 -9.354406
4491 -9.355819
4492 -9.357252
4493 -9.358734
4494 -9.360101
4495 -9.361555
4496 -9.363014
4497 -9.364417
4498 -9.365841
4499 -9.367276
4500 -9.368732
4501 -9.370137
4502 -9.371609
4503 -9.373041
4504 -9.374438
4505 -9.375885
4506 -9.377314
4507 -9.378771
4508 -9.380210
4509 -9.381637
4510 -9.382998
4511 -9.384498
4512 -9.385939
4513 -9.387345
4514 -9.388795
4515 -9.390210
4516 -9.391582
4517 -9.393136
4518 -9.394476
4519 -9.395958
4520 -9.397372
4521 -9.398798
4522 -9.400247
4523 -9.401682
4524 -9.403098
4525 -9.404519
4526 -9.405993
4527 -9.407423
4528 -9.408840
4529 -9.410262
4530 -9.411706
4531 -9.413120
4532 -9.414556
4533 -9.415996
4534 -9.417442
4535 -9.418874
4536 -9.420286
4537 -9.421728
4538 -9.423149
4539 -9.424556
4540 -9.425987
4541 -9.427429
4542 -9.428869
4543 -9.430295
4544 -9.431726
4545 -9.433188
4546 -9.434628
4547 -9.436055
4548 -9.437478
4549 -9.438960
4550 -9.440347
4551 -9.441747
4552 -9.443243
4553 -9.444652
4554 -9.446066
4555 -9.447511
4556 -9.448880
4557 -9.450355
4558 -9.451814
4559 -9.453224
4560 -9.454694
4561 -9.456141
4562 -9.457517
4563 -9.458982
4564 -9.460396
4565 -9.461842
4566 -9.463265
4567 -9.464692
4568 -9.466105
4569 -9.467550
4570 -9.469020
4571 -9.470447
4572 -9.471821
4573 -9.473285
4574 -9.474755
4575 -9.476200
4576 -9.477601
4577 -9.478977
4578 -9.480416
4579 -9.481910
4580 -9.483329
4581 -9.484753
4582 -9.486161
4583 -9.487624
4584 -9.489092
4585 -9.490433
4586 -9.491889
4587 -9.493311
4588 -9.494807
4589 -9.496248
4590 -9.497642
4591 -9.499061
4592 -9.500495
4593 -9.501985
4594 -9.503344
4595 -9.504845
4596 -9.506235
4597 -9.507608
4598 -9.509101
4599 -9.510514
4600 -9.511986
4601 -9.513377
4602 -9.514890
4603 -9.516322
4604 -9.517642
4605 -9.519083
4606 -9.520561
4607 -9.522044
4608 -9.523413
4609 -9.524851
4610 -9.526294
4611 -9.527676
4612 -9.529184
4613 -9.530552
4614 -9.532047
4615 -9.533480
4616 -9.534862
4617 -9.536305
4618 -9.537820
4619 -9.539159
4620 -9.540659
4621 -9.542031
4622 -9.543474
4623 -9.544864
4624 -9.546351
4625 -9.547774
4626 -9.549178
4627 -9.550621
4628 -9.552127
4629 -9.553521
4630 -9.554944
4631 -9.556336
4632 -9.557803
4633 -9.559215
4634 -9.560632
4635 -9.562113
4636 -9.563504
4637 -9.564935
4638 -9.566466
4639 -9.567846
4640 -9.569219
4641 -9.570644
4642 -9.572134
4643 -9.573630
4644 -9.574960
4645 -9.576366
4646 -9.577877
4647 -9.579329
4648 -9.580750
4649 -9.582076
4650 -9.583543
4651 -9.585015
4652 -9.586492
4653 -9.587910
4654 -9.589232
4655 -9.590761
4656 -9.592193
4657 -9.593657
4658 -9.594995
4659 -9.596480
4660 -9.597931
4661 -9.599387
4662 -9.600744
4663 -9.602182
4664 -9.603586
4665 -9.605100
4666 -9.606513
4667 -9.607971
4668 -9.609433
4669 -9.610754
4670 -9.612293
4671 -9.613731
4672 -9.615037
4673 -9.616523
4674 -9.618014
4675 -9.619373
4676 -9.620875
4677 -9.622272
4678 -9.623713
4679 -9.625091
4680 -9.626612
4681 -9.627998
4682 -9.629430
4683 -9.630855
4684 -9.632325
4685 -9.633772
4686 -9.635110
4687 -9.636595
4688 -9.637984
4689 -9.639449
4690 -9.640835
4691 -9.642340
4692 -9.643675
4693 -9.645159
4694 -9.646649
4695 -9.648027
4696 -9.649570
4697 -9.650841
4698 -9.652394
4699 -9.653673
4700 -9.655204
4701 -9.656610
4702 -9.658065
4703 -9.659568
4704 -9.660957
4705 -9.662306
4706 -9.663900
4707 -9.665138
4708 -9.666666
4709 -9.668077
4710 -9.669539
4711 -9.671005
4712 -9.672431
4713 -9.673784
4714 -9.675219
4715 -9.676750
4716 -9.678163
4717 -9.679487
4718 -9.680955
4719 -9.682367
4720 -9.683845
4721 -9.685233
4722 -9.686801
4723 -9.688199
4724 -9.689568
4725 -9.691023
4726 -9.692354
4727 -9.693866
4728 -9.695335
4729 -9.696775
4730 -9.698123
4731 -9.699607
4732 -9.701013
4733 -9.702506
4734 -9.703887
4735 -9.705390
4736 -9.706731
4737 -9.708209
4738 -9.709594
4739 -9.711032
4740 -9.712575
4741 -9.713988
4742 -9.715306
4743 -9.716864
4744 -9.718241
4745 -9.719586
4746 -9.721058
4747 -9.722499
4748 -9.724032
4749 -9.725395
4750 -9.726799
4751 -9.728311
4752 -9.729687
4753 -9.731016
4754 -9.732632
4755 -9.733881
4756 -9.735470
4757 -9.736870
4758 -9.738311
4759 -9.739773
4760 -9.741133
4761 -9.742658
4762 -9.743936
4763 -9.745509
4764 -9.746795
4765 -9.748232
4766 -9.749727
4767 -9.751135
4768 -9.752641
4769 -9.754097
4770 -9.755519
4771 -9.756796
4772 -9.758377
4773 -9.759852
4774 -9.761237
4775 -9.762683
4776 -9.763982
4777 -9.765589
4778 -9.766952
4779 -9.768417
4780 -9.769830
4781 -9.771207
4782 -9.772744
4783 -9.774073
4784 -9.775562
4785 -9.776899
4786 -9.778415
4787 -9.779819
4788 -9.781229
4789 -9.782742
4790 -9.784061
4791 -9.785484
4792 -9.787029
4793 -9.788462
4794 -9.789798
4795 -9.791240
4796 -9.792747
4797 -9.794096
4798 -9.795552
4799 -9.797074
4800 -9.798436
4801 -9.799864
4802 -9.801358
4803 -9.802777
4804 -9.804281
4805 -9.805499
4806 -9.807012
4807 -9.808407
4808 -9.809930
4809 -9.811333
4810 -9.812697
4811 -9.814235
4812 -9.815653
4813 -9.817093
4814 -9.818412
4815 -9.819843
4816 -9.821407
4817 -9.822867
4818 -9.824203
4819 -9.825654
4820 -9.827017
4821 -9.828672
4822 -9.829849
4823 -9.831450
4824 -9.832766
4825 -9.834264
4826 -9.835636
4827 -9.837145
4828 -9.838545
4829 -9.840063
4830 -9.841453
4831 -9.843049
4832 -9.844218
4833 -9.845757
4834 -9.847185
4835 -9.848550
4836 -9.850036
4837 -9.851478
4838 -9.852856
4839 -9.854446
4840 -9.855646
4841 -9.857226
4842 -9.858692
4843 -9.860044
4844 -9.861520
4845 -9.862810
4846 -9.864225
4847 -9.865786
4848 -9.867089
4849 -9.868660
4850 -9.870166
4851 -9.871431
4852 -9.873018
4853 -9.874343
4854 -9.875621
4855 -9.877151
4856 -9.878759
4857 -9.880102
4858 -9.881396
4859 -9.882947
4860 -9.884397
4861 -9.885832
4862 -9.887271
4863 -9.888587
4864 -9.890185
4865 -9.891563
4866 -9.892968
4867 -9.894507
4868 -9.895975
4869 -9.897318
4870 -9.898795
4871 -9.900169
4872 -9.901525
4873 -9.902940
4874 -9.904537
4875 -9.906039
4876 -9.907280
4877 -9.908658
4878 -9.910120
4879 -9.911586
4880 -9.912978
4881 -9.914453
4882 -9.915878
4883 -9.917420
4884 -9.918694
4885 -9.920350
4886 -9.921633
4887 -9.923138
4888 -9.924429
4889 -9.925944
4890 -9.927407
4891 -9.928792
4892 -9.930100
4893 -9.931718
4894 -9.933259
4895 -9.934438
4896 -9.936013
4897 -9.937343
4898 -9.938988
4899 -9.940183
4900 -9.941610
4901 -9.943126
4902 -9.944418
4903 -9.945944
4904 -9.947476
4905 -9.948841
4906 -9.950383
4907 -9.951610
4908 -9.953014
4909 -9.954570
4910 -9.956046
4911 -9.957376
4912 -9.958711
4913 -9.960288
4914 -9.961720
4915 -9.963068
4916 -9.964509
4917 -9.965866
4918 -9.967559
4919 -9.968926
4920 -9.970296
4921 -9.971762
4922 -9.973387
4923 -9.974617
4924 -9.976188
4925 -9.977582
4926 -9.978915
4927 -9.980410
4928 -9.981910
4929 -9.983322
4930 -9.984514
4931 -9.986281
4932 -9.987454
4933 -9.988911
4934 -9.990441
4935 -9.991814
4936 -9.993449
4937 -9.994478
4938 -9.996028
4939 -9.997611
4940 -9.999075
4941 -10.000214
4942 -10.001881
4943 -10.003291
4944 -10.004705
4945 -10.006292
4946 -10.007548
4947 -10.008977
4948 -10.010241
4949 -10.011947
4950 -10.013390
4951 -10.014767
4952 -10.016119
4953 -10.017576
4954 -10.018966
4955 -10.020432
4956 -10.021832
4957 -10.023512
4958 -10.024717
4959 -10.026305
4960 -10.027518
4961 -10.028941
4962 -10.030722
4963 -10.031977
4964 -10.033488
4965 -10.034931
4966 -10.036168
4967 -10.037799
4968 -10.039075
4969 -10.040611
4970 -10.042077
4971 -10.043259
4972 -10.044734
4973 -10.046322
4974 -10.047807
4975 -10.049082
4976 -10.050391
4977 -10.051891
4978 -10.053395
4979 -10.054796
4980 -10.056420
4981 -10.057532
4982 -10.059278
4983 -10.060697
4984 -10.061741
4985 -10.063471
4986 -10.064825
4987 -10.066071
4988 -10.067738
4989 -10.069186
4990 -10.070557
4991 -10.071934
4992 -10.073624
4993 -10.074699
4994 -10.076285
4995 -10.077795
4996 -10.079194
4997 -10.080598
4998 -10.082123
4999 -10.083419
5000 -10.085037
5001 -10.086141
5002 -10.087686
5003 -10.089328
5004 -10.090672
5005 -10.092122
5006 -10.093236
5007 -10.095131
5008 -10.096381
5009 -10.097842
5010 -10.099100
5011 -10.100691
5012 -10.102167
5013 -10.103437
5014 -10.104834
5015 -10.106447
5016 -10.107695
5017 -10.109318
5018 -10.110859
5019 -10.112030
5020 -10.113330
5021 -10.114760
5022 -10.116508
5023 -10.117939
5024 -10.119384
5025 -10.120706
5026 -10.122160
5027 -10.123619
5028 -10.124954
5029 -10.126643
5030 -10.127988
5031 -10.129337
5032 -10.130820
5033 -10.132317
5034 -10.133577
5035 -10.135177
5036 -10.136446
5037 -10.137821
5038 -10.139467
5039 -10.140851
5040 -10.142146
5041 -10.143769
5042 -10.144937
5043 -10.146610
5044 -10.147921
5045 -10.149469
5046 -10.150517
5047 -10.152211
5048 -10.153540
5049 -10.155344
5050 -10.156544
5051 -10.157747
5052 -10.159232
5053 -10.160582
5054 -10.162176
5055 -10.163776
5056 -10.165282
5057 -10.166651
5058 -10.168125
5059 -10.169503
5060 -10.170642
5061 -10.172273
5062 -10.173664
5063 -10.175307
5064 -10.176709
5065 -10.177721
5066 -10.179525
5067 -10.180689
5068 -10.182108
5069 -10.183679
5070 -10.184960
5071 -10.186540
5072 -10.188094
5073 -10.189166
5074 -10.190613
5075 -10.192471
5076 -10.193779
5077 -10.195392
5078 -10.196600
5079 -10.197964
5080 -10.199593
5081 -10.201030
5082 -10.202254
5083 -10.203790
5084 -10.205286
5085 -10.206788
5086 -10.207872
5087 -10.209539
5088 -10.210787
5089 -10.212430
5090 -10.213880
5091 -10.215253
5092 -10.216676
5093 -10.218342
5094 -10.219651
5095 -10.221089
5096 -10.222496
5097 -10.223818
5098 -10.225385
5099 -10.226680
5100 -10.228141
5101 -10.229444
5102 -10.231043
5103 -10.232508
5104 -10.233707
5105 -10.235192
5106 -10.236682
5107 -10.238260
5108 -10.239463
5109 -10.241136
5110 -10.242647
5111 -10.243995
5112 -10.245395
5113 -10.246872
5114 -10.248111
5115 -10.249646
5116 -10.251149
5117 -10.252523
5118 -10.253644
5119 -10.255373
5120 -10.256760
5121 -10.258152
5122 -10.259598
5123 -10.260874
5124 -10.262279
5125 -10.264169
5126 -10.265723
5127 -10.266878
5128 -10.268315
5129 -10.269784
5130 -10.271398
5131 -10.272709
5132 -10.274024
5133 -10.275655
5134 -10.277108
5135 -10.278124
5136 -10.279953
5137 -10.281106
5138 -10.282763
5139 -10.283923
5140 -10.285273
5141 -10.286813
5142 -10.288492
5143 -10.289856
5144 -10.291546
5145 -10.292596
5146 -10.294256
5147 -10.295489
5148 -10.296875
5149 -10.298457
5150 -10.299947
5151 -10.301253
5152 -10.302464
5153 -10.303872
5154 -10.305285
5155 -10.306703
5156 -10.308125
5157 -10.309748
5158 -10.311137
5159 -10.312279
5160 -10.314059
5161 -10.315661
5162 -10.316615
5163 -10.318271
5164 -10.319875
5165 -10.321399
5166 -10.322767
5167 -10.323940
5168 -10.325479
5169 -10.326760
5170 -10.328454
5171 -10.329597
5172 -10.331450
5173 -10.332809
5174 -10.333963
5175 -10.335686
5176 -10.336997
5177 -10.338583
5178 -10.339903
5179 -10.341288
5180 -10.342828
5181 -10.344327
5182 -10.345560
5183 -10.346963
5184 -10.348476
5185 -10.350090
5186 -10.351291
5187 -10.353037
5188 -10.353921
5189 -10.355726
5190 -10.356943
5191 -10.358383
5192 -10.359829
5193 -10.361436
5194 -10.362892
5195 -10.364129
5196 -10.365529
5197 -10.366998
5198 -10.368633
5199 -10.370063
5200 -10.371209
5201 -10.372470
5202 -10.374354
5203 -10.375803
5204 -10.376899
5205 -10.378176
5206 -10.380085
5207 -10.381207
5208 -10.382896
5209 -10.384192
5210 -10.385726
5211 -10.387098
5212 -10.388406
5213 -10.390123
5214 -10.391272
5215 -10.393069
5216 -10.394157
5217 -10.395726
5218 -10.397061
5219 -10.398775
5220 -10.399985
5221 -10.401575
5222 -10.402755
5223 -10.404302
5224 -10.405963
5225 -10.406908
5226 -10.408837
5227 -10.410146
5228 -10.411526
5229 -10.413105
5230 -10.414121
5231 -10.415888
5232 -10.416983
5233 -10.418637
5234 -10.420044
5235 -10.421529
5236 -10.423071
5237 -10.424623
5238 -10.425610
5239 -10.426856
5240 -10.428676
5241 -10.430248
5242 -10.431636
5243 -10.432510
5244 -10.434225
5245 -10.435760
5246 -10.437165
5247 -10.438239
5248 -10.439977
5249 -10.441679
5250 -10.443146
5251 -10.444313
5252 -10.445746
5253 -10.446650
5254 -10.448421
5255 -10.450007
5256 -10.451653
5257 -10.452843
5258 -10.454579
5259 -10.455973
5260 -10.457586
5261 -10.458651
5262 -10.460472
5263 -10.461761
5264 -10.462699
5265 -10.464337
5266 -10.465419
5267 -10.467206
5268 -10.468780
5269 -10.470017
5270 -10.471684
5271 -10.472924
5272 -10.474378
5273 -10.475568
5274 -10.477462
5275 -10.478867
5276 -10.480276
5277 -10.481625
5278 -10.482900
5279 -10.484532
5280 -10.485750
5281 -10.487642
5282 -10.489127
5283 -10.490570
5284 -10.492018
5285 -10.493105
5286 -10.494413
5287 -10.495874
5288 -10.497643
5289 -10.499115
5290 -10.500219
5291 -10.501244
5292 -10.503512
5293 -10.504217
5294 -10.506020
5295 -10.506990
5296 -10.508805
5297 -10.510315
5298 -10.511671
5299 -10.513037
5300 -10.514493
5301 -10.515552
5302 -10.517241
5303 -10.518943
5304 -10.520262
5305 -10.521492
5306 -10.523298
5307 -10.524378
5308 -10.526102
5309 -10.527515
5310 -10.528859
5311 -10.530369
5312 -10.531467
5313 -10.532986
5314 -10.534091
5315 -10.535854
5316 -10.537631
5317 -10.539008
5318 -10.540054
5319 -10.541939
5320 -10.543067
5321 -10.544363
5322 -10.546267
5323 -10.547746
5324 -10.548640
5325 -10.549543
5326 -10.552057
5327 -10.553557
5328 -10.554808
5329 -10.556071
5330 -10.557755
5331 -10.558498
5332 -10.560465
5333 -10.561994
5334 -10.563450
5335 -10.564557
5336 -10.566449
5337 -10.567389
5338 -10.569039
5339 -10.569985
5340 -10.572084
5341 -10.573518
5342 -10.574886
5343 -10.575844
5344 -10.577914
5345 -10.578679
5346 -10.580078
5347 -10.582045
5348 -10.583571
5349 -10.585019
5350 -10.586001
5351 -10.587805
5352 -10.589160
5353 -10.590526
5354 -10.592022
5355 -10.592887
5356 -10.595016
5357 -10.596020
5358 -10.597867
5359 -10.598682
5360 -10.599994
5361 -10.601388
5362 -10.603455
5363 -10.604859
5364 -10.606467
5365 -10.607299
5366 -10.608723
5367 -10.610345
5368 -10.612368
5369 -10.613212
5370 -10.614366
5371 -10.615814
5372 -10.617259
5373 -10.619403
5374 -10.620377
5375 -10.621837
5376 -10.623509
5377 -10.624581
5378 -10.625856
5379 -10.627953
5380 -10.629028
5381 -10.630938
5382 -10.632286
5383 -10.633318
5384 -10.635247
5385 -10.636257
5386 -10.637269
5387 -10.639506
5388 -10.640319
5389 -10.641998
5390 -10.643816
5391 -10.645092
5392 -10.645537
5393 -10.647521
5394 -10.648560
5395 -10.650991
5396 -10.651471
5397 -10.652740
5398 -10.655194
5399 -10.656706
5400 -10.657486
5401 -10.659086
5402 -10.660593
5403 -10.661576
5404 -10.663270
5405 -10.664891
5406 -10.666290
5407 -10.667375
5408 -10.669612
5409 -10.670545
5410 -10.672194
5411 -10.673616
5412 -10.674264
5413 -10.676151
5414 -10.677719
5415 -10.679221
5416 -10.680277
5417 -10.681727
5418 -10.683316
5419 -10.685169
5420 -10.685907
5421 -10.687845
5422 -10.689080
5423 -10.689992
5424 -10.691611
5425 -10.693162
5426 -10.694730
5427 -10.696228
5428 -10.697391
5429 -10.699618
5430 -10.700551
5431 -10.701240
5432 -10.703000
5433 -10.704918
5434 -10.706517
5435 -10.707883
5436 -10.708835
5437 -10.710626
5438 -10.711828
5439 -10.713641
5440 -10.714351
5441 -10.716321
5442 -10.717024
5443 -10.719364
5444 -10.720083
5445 -10.722247
5446 -10.723664
5447 -10.724651
5448 -10.726405
5449 -10.727755
5450 -10.729268
5451 -10.730522
5452 -10.732035
5453 -10.733041
5454 -10.735202
5455 -10.736474
5456 -10.737480
5457 -10.738499
5458 -10.740040
5459 -10.741975
5460 -10.743801
5461 -10.744825
5462 -10.746852
5463 -10.747812
5464 -10.748855
5465 -10.750167
5466 -10.751750
5467 -10.752804
5468 -10.754675
5469 -10.757020
5470 -10.757339
5471 -10.759625
5472 -10.760970
5473 -10.761761
5474 -10.763113
5475 -10.765030
5476 -10.766392
5477 -10.767833
5478 -10.769129
5479 -10.770214
5480 -10.772364
5481 -10.773749
5482 -10.775638
5483 -10.776509
5484 -10.777727
5485 -10.778845
5486 -10.780742
5487 -10.781779
5488 -10.783493
5489 -10.785502
5490 -10.786930
5491 -10.787640
5492 -10.788784
5493 -10.790818
5494 -10.791745
5495 -10.794140
5496 -10.794567
5497 -10.796925
5498 -10.798391
5499 -10.798956
5500 -10.801038
5501 -10.801595
5502 -10.803389
5503 -10.804958
5504 -10.806056
5505 -10.807950
5506 -10.809677
5507 -10.811186
5508 -10.813021
5509 -10.812840
5510 -10.814669
5511 -10.816518
5512 -10.818051
5513 -10.819266
5514 -10.820043
5515 -10.822359
5516 -10.823141
5517 -10.825343
5518 -10.825932
5519 -10.826721
5520 -10.829027
5521 -10.830520
5522 -10.832190
5523 -10.833693
5524 -10.835289
5525 -10.836890
5526 -10.837024
5527 -10.839505
5528 -10.840867
5529 -10.842207
5530 -10.844118
5531 -10.844988
5532 -10.845799
5533 -10.848466
5534 -10.849769
5535 -10.850938
5536 -10.851912
5537 -10.853239
5538 -10.854971
5539 -10.856784
5540 -10.857771
5541 -10.859304
5542 -10.860654
5543 -10.861994
5544 -10.862851
5545 -10.864418
5546 -10.865910
5547 -10.866776
5548 -10.870434
5549 -10.872028
5550 -10.872315
5551 -10.873547
5552 -10.874941
5553 -10.876536
5554 -10.877940
5555 -10.878458
5556 -10.879855
5557 -10.882004
5558 -10.882527
5559 -10.885432
5560 -10.885728
5561 -10.887377
5562 -10.889282
5563 -10.890082
5564 -10.892382
5565 -10.894209
5566 -10.895018
5567 -10.896803
5568 -10.897024
5569 -10.900011
5570 -10.900556
5571 -10.901493
5572 -10.904233
5573 -10.905303
5574 -10.906165
5575 -10.906337
5576 -10.909108
5577 -10.910503
5578 -10.912249
5579 -10.914162
5580 -10.915518
5581 -10.916984
5582 -10.918917
5583 -10.920057
5584 -10.921432
5585 -10.922004
5586 -10.924664
5587 -10.926161
5588 -10.926796
5589 -10.928447
5590 -10.929357
5591 -10.931346
5592 -10.932428
5593 -10.933345
5594 -10.934782
5595 -10.937371
5596 -10.937371
5597 -10.939825
5598 -10.941264
5599 -10.941021
5600 -10.944268
5601 -10.944931
5602 -10.946994
5603 -10.947182
5604 -10.949503
5605 -10.951588
5606 -10.952625
5607 -10.953682
5608 -10.954996
5609 -10.956774
5610 -10.957027
5611 -10.959518
5612 -10.961360
5613 -10.962046
5614 -10.963226
5615 -10.964309
5616 -10.966466
5617 -10.967281
5618 -10.969272
5619 -10.970812
5620 -10.973084
5621 -10.973184
5622 -10.975202
5623 -10.977414
5624 -10.978515
5625 -10.979637
5626 -10.981214
5627 -10.982919
5628 -10.984118
5629 -10.984779
5630 -10.984595
5631 -10.987040
5632 -10.988188
5633 -10.990926
5634 -10.992358
5635 -10.993686
5636 -10.995927
5637 -10.995526
5638 -10.998678
5639 -10.999961
5640 -10.999298
5641 -11.001828
5642 -11.004180
5643 -11.003987
5644 -11.006046
5645 -11.006742
5646 -11.008923
5647 -11.010810
5648 -11.009143
5649 -11.012218
5650 -11.015424
5651 -11.016135
5652 -11.017984
5653 -11.020292
5654 -11.019800
5655 -11.021215
5656 -11.024694
5657 -11.025215
5658 -11.026077
5659 -11.028934
5660 -11.028225
5661 -11.029369
5662 -11.032705
5663 -11.034281
5664 -11.035975
5665 -11.037163
5666 -11.037772
5667 -11.039788
5668 -11.041601
5669 -11.042282
5670 -11.042380
5671 -11.043871
5672 -11.047320
5673 -11.048086
5674 -11.050703
5675 -11.051931
5676 -11.053336
5677 -11.054572
5678 -11.055841
5679 -11.056206
5680 -11.057403
5681 -11.059436
5682 -11.060766
5683 -11.061556
5684 -11.064030
5685 -11.066173
5686 -11.066746
5687 -11.068451
5688 -11.069478
5689 -11.071419
5690 -11.072813
5691 -11.074412
5692 -11.074995
5693 -11.076961
5694 -11.077780
5695 -11.079529
5696 -11.078834
5697 -11.080248
5698 -11.084575
5699 -11.085563
5700 -11.087660
5701 -11.086848
5702 -11.089102
5703 -11.089710
5704 -11.091373
5705 -11.094024
5706 -11.095381
5707 -11.096428
5708 -11.096428
5709 -11.099161
5710 -11.100108
5711 -11.102571
5712 -11.103683
5713 -11.103683
5714 -11.105783
5715 -11.108143
5716 -11.109655
5717 -11.111785
5718 -11.111949
5719 -11.112673
5720 -11.114568
5721 -11.116971
5722 -11.117848
5723 -11.120945
5724 -11.121968
5725 -11.122390
5726 -11.125327
5727 -11.125586
5728 -11.126503
5729 -11.126905
5730 -11.128342
5731 -11.130045
5732 -11.132536
5733 -11.134781
5734 -11.134757
5735 -11.135076
5736 -11.138245
5737 -11.137596
5738 -11.140814
5739 -11.140814
5740 -11.142837
5741 -11.144716
5742 -11.146362
5743 -11.148679
5744 -11.149646
5745 -11.151284
5746 -11.152162
5747 -11.152955
5748 -11.154511
5749 -11.155490
5750 -11.156569
5751 -11.159375
5752 -11.161021
5753 -11.163726
5754 -11.164443
5755 -11.164727
5756 -11.166171
5757 -11.166736
5758 -11.169891
5759 -11.172150
5760 -11.172150
5761 -11.172755
5762 -11.174989
5763 -11.177465
5764 -11.178018
5765 -11.180057
5766 -11.180994
5767 -11.180673
5768 -11.182886
5769 -11.182171
5770 -11.185705
5771 -11.188139
5772 -11.189198
5773 -11.191995
5774 -11.193696
5775 -11.194470
5776 -11.194470
5777 -11.195073
5778 -11.195844
5779 -11.198140
5780 -11.200854
5781 -11.202900
5782 -11.201364
5783 -11.201703
5784 -11.206535
5785 -11.204031
5786 -11.207748
5787 -11.211217
5788 -11.211217
5789 -11.213425
5790 -11.213425
5791 -11.216590
5792 -11.218882
5793 -11.217609
5794 -11.218421
5795 -11.221482
5796 -11.223913
5797 -11.225744
5798 -11.228528
5799 -11.228642
5800 -11.228642
5801 -11.229002
5802 -11.230315
5803 -11.232139
5804 -11.235809
5805 -11.237692
5806 -11.236143
5807 -11.239848
5808 -11.238176
5809 -11.241748
5810 -11.242694
5811 -11.245961
5812 -11.245129
5813 -11.248040
5814 -11.249977
5815 -11.250249
5816 -11.250249
5817 -11.254150
5818 -11.254271
5819 -11.256390
5820 -11.258364
5821 -11.259378
5822 -11.261366
5823 -11.260626
5824 -11.259771
5825 -11.262233
5826 -11.265815
5827 -11.267597
5828 -11.268311
5829 -11.271257
5830 -11.270468
5831 -11.272540
5832 -11.275402
5833 -11.276733
5834 -11.278893
5835 -11.278893
5836 -11.275284
5837 -11.281507
5838 -11.283226
5839 -11.284674
5840 -11.284674
5841 -11.286702
5842 -11.289327
5843 -11.289782
5844 -11.289782
5845 -11.290533
5846 -11.295117
5847 -11.297999
5848 -11.297999
5849 -11.298385
5850 -11.299750
5851 -11.301543
5852 -11.301120
5853 -11.299794
5854 -11.306246
5855 -11.306426
5856 -11.308772
5857 -11.310779
5858 -11.312144
5859 -11.312405
5860 -11.316701
5861 -11.316964
5862 -11.315990
5863 -11.315990
5864 -11.321837
5865 -11.322245
5866 -11.323278
5867 -11.324724
5868 -11.327178
5869 -11.327178
5870 -11.328223
5871 -11.330698
5872 -11.332024
5873 -11.332815
5874 -11.332815
5875 -11.336795
5876 -11.335125
5877 -11.340436
5878 -11.340355
5879 -11.343406
5880 -11.344302
5881 -11.343835
5882 -11.344921
5883 -11.349494
5884 -11.349644
5885 -11.349494
5886 -11.346017
5887 -11.351030
5888 -11.353792
5889 -11.355383
5890 -11.355096
5891 -11.356506
5892 -11.359139
5893 -11.362889
5894 -11.365609
5895 -11.365609
5896 -11.367046
5897 -11.368349
5898 -11.367254
5899 -11.370906
5900 -11.372266
5901 -11.373839
5902 -11.376428
5903 -11.374299
5904 -11.375463
5905 -11.375925
5906 -11.378275
5907 -11.378275
5908 -11.382908
5909 -11.383839
5910 -11.386656
5911 -11.387687
5912 -11.385711
5913 -11.383892
5914 -11.388847
5915 -11.392426
5916 -11.389583
5917 -11.392905
5918 -11.396518
5919 -11.399246
5920 -11.395349
5921 -11.402378
5922 -11.399631
5923 -11.405144
5924 -11.403629
5925 -11.406521
5926 -11.403086
5927 -11.408815
5928 -11.413066
5929 -11.415394
5930 -11.415020
5931 -11.417359
5932 -11.418645
5933 -11.419155
5934 -11.418601
5935 -11.417584
5936 -11.420959
5937 -11.422256
5938 -11.425151
5939 -11.423737
5940 -11.429566
5941 -11.428998
5942 -11.431025
5943 -11.433452
5944 -11.433452
5945 -11.434787
5946 -11.434268
5947 -11.439301
5948 -11.440020
5949 -11.442499
5950 -11.442499
5951 -11.442312
5952 -11.445772
5953 -11.450402
5954 -11.449863
5955 -11.447642
5956 -11.444463
5957 -11.450164
5958 -11.444463
5959 -11.452892
5960 -11.454288
5961 -11.457406
5962 -11.460179
5963 -11.457661
5964 -11.462163
5965 -11.463784
5966 -11.466353
5967 -11.465784
5968 -11.463540
5969 -11.467793
5970 -11.464414
5971 -11.468364
5972 -11.467233
5973 -11.474137
5974 -11.477593
5975 -11.478177
5976 -11.480883
5977 -11.481153
5978 -11.484665
5979 -11.481153
5980 -11.488009
5981 -11.480504
5982 -11.485259
5983 -11.486763
5984 -11.490124
5985 -11.494804
5986 -11.497006
5987 -11.494804
5988 -11.492526
5989 -11.495534
5990 -11.499779
5991 -11.501193
5992 -11.501335
5993 -11.504811
5994 -11.502907
5995 -11.508399
5996 -11.508808
5997 -11.509435
5998 -11.512563
5999 -11.515141
6000 -11.515996
6001 -11.515996
6002 -11.515996
6003 -11.517747
6004 -11.516412
6005 -11.518040
6006 -11.521230
6007 -11.519312
6008 -11.524151
6009 -11.529057
6010 -11.529703
6011 -11.529057
6012 -11.529645
6013 -11.528333
6014 -11.532693
6015 -11.530436
6016 -11.534314
6017 -11.530436
6018 -11.535038
6019 -11.530436
6020 -11.538432
6021 -11.544094
6022 -11.542442
6023 -11.545758
6024 -11.545758
6025 -11.548234
6026 -11.546577
6027 -11.548175
6028 -11.553420
6029 -11.554801
6030 -11.550603
6031 -11.553107
6032 -11.554559
6033 -11.562490
6034 -11.560517
6035 -11.562552
6036 -11.564037
6037 -11.568621
6038 -11.562490
6039 -11.563343
6040 -11.571168
6041 -11.571892
6042 -11.577359
6043 -11.577295
6044 -11.574711
6045 -11.573255
6046 -11.571974
6047 -11.580697
6048 -11.577295
6049 -11.579893
6050 -11.587027
6051 -11.586767
6052 -11.590507
6053 -11.590507
6054 -11.590769
6055 -11.592688
6056 -11.593187
6057 -11.591599
6058 -11.593535
6059 -11.598023
6060 -11.600312
6061 -11.589769
6062 -11.598862
6063 -11.604681
6064 -11.603492
6065 -11.607449
6066 -11.605810
6067 -11.608237
6068 -11.606676
6069 -11.603492
6070 -11.617014
6071 -11.614707
6072 -11.614113
6073 -11.618250
6074 -11.619334
6075 -11.616943
6076 -11.604430
6077 -11.616943
6078 -11.621929
6079 -11.620673
6080 -11.622658
6081 -11.621929
6082 -11.623545
6083 -11.633224
6084 -11.634674
6085 -11.633766
6086 -11.636725
6087 -11.631821
6088 -11.636725
6089 -11.639228
6090 -11.641553
6091 -11.639780
6092 -11.646193
6093 -11.646193
6094 -11.646193
6095 -11.639707
6096 -11.648844
6097 -11.650093
6098 -11.654220
6099 -11.651910
6100 -11.646193
6101 -11.650962
6102 -11.650962
6103 -11.657325
6104 -11.655690
6105 -11.652309
6106 -11.661547
6107 -11.661547
6108 -11.668276
6109 -11.669183
6110 -11.670170
6111 -11.672712
6112 -11.672712
6113 -11.670889
6114 -11.675953
6115 -11.673392
6116 -11.678385
6117 -11.678385
6118 -11.678385
6119 -11.678385
6120 -11.680227
6121 -11.687254
6122 -11.687254
6123 -11.689234
6124 -11.683523
6125 -11.685901
6126 -11.689669
6127 -11.695139
6128 -11.689669
6129 -11.698061
6130 -11.696434
6131 -11.695275
6132 -11.693355
6133 -11.699746
6134 -11.704957
6135 -11.709957
6136 -11.705040
6137 -11.702128
6138 -11.708203
6139 -11.708203
6140 -11.708203
6141 -11.708203
6142 -11.708203
6143 -11.714144
6144 -11.716917
6145 -11.719832
6146 -11.719832
6147 -11.719832
6148 -11.715264
6149 -11.718725
6150 -11.722019
6151 -11.715264
6152 -11.726319
6153 -11.726319
6154 -11.729398
6155 -11.725394
6156 -11.736912
6157 -11.726319
6158 -11.732262
6159 -11.736816
6160 -11.740471
6161 -11.733684
6162 -11.739032
6163 -11.747376
6164 -11.745058
6165 -11.747466
6166 -11.747376
6167 -11.747466
6168 -11.747466
6169 -11.754331
6170 -11.751936
6171 -11.753722
6172 -11.740219
6173 -11.756423
6174 -11.761456
6175 -11.761456
6176 -11.762969
6177 -11.762969
6178 -11.765435
6179 -11.758754
6180 -11.770989
6181 -11.771090
6182 -11.772239
6183 -11.775157
6184 -11.770989
6185 -11.775157
6186 -11.781710
6187 -11.770989
6188 -11.772368
6189 -11.770593
6190 -11.779263
6191 -11.786700
6192 -11.785879
6193 -11.786700
6194 -11.782523
6195 -11.776831
6196 -11.780433
6197 -11.792360
6198 -11.783306
6199 -11.799474
6200 -11.793546
6201 -11.796075
6202 -11.795402
6203 -11.780565
6204 -11.794755
6205 -11.797830
6206 -11.799474
6207 -11.803818
6208 -11.803818
6209 -11.803818
6210 -11.803818
6211 -11.800946
6212 -11.809566
6213 -11.817216
6214 -11.805715
6215 -11.820785
6216 -11.811821
6217 -11.805715
6218 -11.820785
6219 -11.820342
6220 -11.823603
6221 -11.820342
6222 -11.826316
6223 -11.815974
6224 -11.824900
6225 -11.834621
6226 -11.830936
6227 -11.833761
6228 -11.836068
6229 -11.836068
6230 -11.833761
6231 -11.834621
6232 -11.829959
6233 -11.831540
6234 -11.839333
6235 -11.846165
6236 -11.834621
6237 -11.852864
6238 -11.852864
6239 -11.843330
6240 -11.855897
6241 -11.854528
6242 -11.857780
6243 -11.854528
6244 -11.857780
6245 -11.854528
6246 -11.862873
6247 -11.854528
6248 -11.866853
6249 -11.854528
6250 -11.862749
6251 -11.859928
6252 -11.864293
6253 -11.877317
6254 -11.871858
6255 -11.877042
6256 -11.852998
6257 -11.871568
6258 -11.872865
6259 -11.872865
6260 -11.872865
6261 -11.872865
6262 -11.872865
6263 -11.872865
6264 -11.885486
6265 -11.887500
6266 -11.887500
6267 -11.887500
6268 -11.892826
6269 -11.872865
6270 -11.889303
6271 -11.896842
6272 -11.892300
6273 -11.901574
6274 -11.898216
6275 -11.889303
6276 -11.898216
6277 -11.902671
6278 -11.892471
6279 -11.910922
6280 -11.907076
6281 -11.915664
6282 -11.918849
6283 -11.915664
6284 -11.918849
6285 -11.903679
6286 -11.918720
6287 -11.913770
6288 -11.918720
6289 -11.913770
6290 -11.925140
6291 -11.924575
6292 -11.925140
6293 -11.913902
6294 -11.925140
6295 -11.930378
6296 -11.925450
6297 -11.928726
6298 -11.933282
6299 -11.936839
6300 -11.936839
6301 -11.933496
6302 -11.917255
6303 -11.938671
6304 -11.927108
6305 -11.942813
6306 -11.936839
6307 -11.936839
6308 -11.936839
6309 -11.949015
6310 -11.957676
6311 -11.942813
6312 -11.944667
6313 -11.930564
6314 -11.953868
6315 -11.955003
6316 -11.949015
6317 -11.950746
6318 -11.955156
6319 -11.962545
6320 -11.966354
6321 -11.955156
6322 -11.966354
6323 -11.966354
6324 -11.966354
6325 -11.966354
6326 -11.966354
6327 -11.966354
6328 -11.966354
6329 -11.974738
6330 -11.974103
6331 -11.971979
6332 -11.989935
6333 -11.984522
6334 -11.979236
6335 -11.984763
6336 -11.979236
6337 -11.968518
6338 -11.985022
6339 -11.984609
6340 -11.985827
6341 -11.981466
6342 -11.996689
6343 -11.992679
6344 -11.996689
6345 -11.997355
6346 -11.998022
6347 -11.998022
6348 -11.998022
6349 -11.998022
6350 -11.998022
6351 -11.998022
