1 0.249877
2 0.088521
3 -0.099281
4 -0.255985
5 -0.382578
6 -0.475797
7 -0.550095
8 -0.608306
9 -0.656989
10 -0.700598
11 -0.740241
12 -0.776708
13 -0.810580
14 -0.842300
15 -0.872210
16 -0.900582
17 -0.927636
18 -0.953552
19 -0.978479
20 -1.002544
21 -1.025854
22 -1.048498
23 -1.070550
24 -1.092071
25 -1.113111
26 -1.133712
27 -1.153909
28 -1.173731
29 -1.193204
30 -1.212349
31 -1.231186
32 -1.249732
33 -1.268002
34 -1.286010
35 -1.303769
36 -1.321291
37 -1.338587
38 -1.355666
39 -1.372539
40 -1.389214
41 -1.405700
42 -1.422005
43 -1.438137
44 -1.454102
45 -1.469907
46 -1.485559
47 -1.501064
48 -1.516428
49 -1.531657
50 -1.546756
51 -1.561729
52 -1.576583
53 -1.591321
54 -1.605948
55 -1.620468
56 -1.634886
57 -1.649205
58 -1.663429
59 -1.677562
60 -1.691607
61 -1.705567
62 -1.719446
63 -1.733247
64 -1.746973
65 -1.760627
66 -1.772988
67 -1.784845
68 -1.796633
69 -1.808355
70 -1.820012
71 -1.831605
72 -1.843136
73 -1.854607
74 -1.866019
75 -1.877373
76 -1.888670
77 -1.899913
78 -1.911102
79 -1.922237
80 -1.933321
81 -1.944355
82 -1.955338
83 -1.966273
84 -1.977160
85 -1.988000
86 -1.998794
87 -2.009542
88 -2.020246
89 -2.030905
90 -2.041522
91 -2.052096
92 -2.062628
93 -2.073119
94 -2.083570
95 -2.093980
96 -2.104351
97 -2.114683
98 -2.124976
99 -2.135231
100 -2.145449
101 -2.155629
102 -2.165773
103 -2.175881
104 -2.185952
105 -2.195988
106 -2.205989
107 -2.215954
108 -2.225885
109 -2.235782
110 -2.245645
111 -2.255474
112 -2.265269
113 -2.275031
114 -2.284761
115 -2.294457
116 -2.304121
117 -2.313752
118 -2.323351
119 -2.332918
120 -2.342453
121 -2.351956
122 -2.361427
123 -2.370867
124 -2.380276
125 -2.389653
126 -2.398999
127 -2.408314
128 -2.417597
129 -2.426850
130 -2.436072
131 -2.445263
132 -2.454423
133 -2.463552
134 -2.472651
135 -2.481719
136 -2.490756
137 -2.499762
138 -2.508738
139 -2.517682
140 -2.526597
141 -2.535480
142 -2.544332
143 -2.553154
144 -2.561945
145 -2.570705
146 -2.579434
147 -2.588132
148 -2.596799
149 -2.605435
150 -2.614039
151 -2.622613
152 -2.631155
153 -2.639666
154 -2.648145
155 -2.656593
156 -2.665009
157 -2.673393
158 -2.681746
159 -2.690066
160 -2.698355
161 -2.706611
162 -2.714835
163 -2.723027
164 -2.731186
165 -2.739313
166 -2.747407
167 -2.755468
168 -2.763497
169 -2.771492
170 -2.779454
171 -2.787383
172 -2.795279
173 -2.803141
174 -2.810969
175 -2.818764
176 -2.826524
177 -2.834251
178 -2.841944
179 -2.849602
180 -2.857226
181 -2.864815
182 -2.872324
183 -2.879767
184 -2.887174
185 -2.894545
186 -2.901881
187 -2.909181
188 -2.916445
189 -2.923673
190 -2.930864
191 -2.938020
192 -2.945139
193 -2.952222
194 -2.959268
195 -2.966277
196 -2.973250
197 -2.980187
198 -2.987086
199 -2.993948
200 -3.000774
201 -3.007562
202 -3.014313
203 -3.021028
204 -3.027704
205 -3.034344
206 -3.040946
207 -3.047511
208 -3.054038
209 -3.060528
210 -3.066981
211 -3.073396
212 -3.079773
213 -3.086113
214 -3.092415
215 -3.098679
216 -3.104906
217 -3.111095
218 -3.117247
219 -3.123361
220 -3.129437
221 -3.135476
222 -3.141477
223 -3.147441
224 -3.153367
225 -3.159255
226 -3.165106
227 -3.170920
228 -3.176697
229 -3.182436
230 -3.188138
231 -3.193802
232 -3.199430
233 -3.205020
234 -3.210574
235 -3.216090
236 -3.221480
237 -3.226799
238 -3.232081
239 -3.237328
240 -3.242539
241 -3.247714
242 -3.252853
243 -3.257956
244 -3.263025
245 -3.268058
246 -3.273056
247 -3.278018
248 -3.282947
249 -3.287840
250 -3.292699
251 -3.297524
252 -3.302314
253 -3.307071
254 -3.311794
255 -3.316484
256 -3.321140
257 -3.325763
258 -3.330353
259 -3.334910
260 -3.339435
261 -3.343927
262 -3.348387
263 -3.352815
264 -3.357212
265 -3.361577
266 -3.365910
267 -3.370090
268 -3.374228
269 -3.378336
270 -3.382415
271 -3.386465
272 -3.390486
273 -3.394478
274 -3.398443
275 -3.402379
276 -3.406287
277 -3.410168
278 -3.414022
279 -3.417849
280 -3.421648
281 -3.425422
282 -3.429169
283 -3.432890
284 -3.436585
285 -3.440255
286 -3.443899
287 -3.447518
288 -3.451113
289 -3.454683
290 -3.458160
291 -3.461551
292 -3.464920
293 -3.468267
294 -3.471592
295 -3.474896
296 -3.478179
297 -3.481440
298 -3.484681
299 -3.487901
300 -3.491101
301 -3.494281
302 -3.497441
303 -3.500582
304 -3.503703
305 -3.506805
306 -3.509888
307 -3.512952
308 -3.515998
309 -3.519026
310 -3.521978
311 -3.524852
312 -3.527709
313 -3.530551
314 -3.533378
315 -3.536189
316 -3.538985
317 -3.541767
318 -3.544533
319 -3.547286
320 -3.550024
321 -3.552748
322 -3.555458
323 -3.558154
324 -3.560837
325 -3.563507
326 -3.566163
327 -3.568807
328 -3.571438
329 -3.573977
330 -3.576481
331 -3.578974
332 -3.581457
333 -3.583930
334 -3.586392
335 -3.588844
336 -3.591286
337 -3.593719
338 -3.596142
339 -3.598555
340 -3.600959
341 -3.603354
342 -3.605740
343 -3.608117
344 -3.610486
345 -3.612845
346 -3.615196
347 -3.617539
348 -3.619803
349 -3.622046
350 -3.624282
351 -3.626512
352 -3.628736
353 -3.630953
354 -3.633164
355 -3.635369
356 -3.637568
357 -3.639761
358 -3.641948
359 -3.644129
360 -3.646304
361 -3.648474
362 -3.650639
363 -3.652798
364 -3.654952
365 -3.657100
366 -3.659243
367 -3.661381
368 -3.663515
369 -3.665586
370 -3.667647
371 -3.669704
372 -3.671757
373 -3.673806
374 -3.675852
375 -3.677895
376 -3.679934
377 -3.681970
378 -3.684003
379 -3.686032
380 -3.688058
381 -3.690081
382 -3.692101
383 -3.694118
384 -3.696131
385 -3.698142
386 -3.700150
387 -3.702155
388 -3.704157
389 -3.706157
390 -3.708154
391 -3.710148
392 -3.712139
393 -3.714128
394 -3.716114
395 -3.718078
396 -3.720018
397 -3.721955
398 -3.723891
399 -3.725825
400 -3.727757
401 -3.729688
402 -3.731618
403 -3.733545
404 -3.735472
405 -3.737396
406 -3.739320
407 -3.741241
408 -3.743162
409 -3.745081
410 -3.746998
411 -3.748914
412 -3.750829
413 -3.752742
414 -3.754655
415 -3.756565
416 -3.758475
417 -3.760383
418 -3.762290
419 -3.764196
420 -3.766101
421 -3.768004
422 -3.769906
423 -3.771808
424 -3.773707
425 -3.775606
426 -3.777504
427 -3.779401
428 -3.781296
429 -3.783191
430 -3.785084
431 -3.786977
432 -3.788868
433 -3.790759
434 -3.792648
435 -3.794537
436 -3.796424
437 -3.798311
438 -3.800184
439 -3.802049
440 -3.803914
441 -3.805778
442 -3.807641
443 -3.809504
444 -3.811366
445 -3.813228
446 -3.815089
447 -3.816950
448 -3.818810
449 -3.820670
450 -3.822530
451 -3.824389
452 -3.826247
453 -3.828105
454 -3.829963
455 -3.831820
456 -3.833677
457 -3.835533
458 -3.837389
459 -3.839244
460 -3.841099
461 -3.842954
462 -3.844808
463 -3.846662
464 -3.848515
465 -3.850369
466 -3.852221
467 -3.854074
468 -3.855925
469 -3.857777
470 -3.859628
471 -3.861479
472 -3.863330
473 -3.865180
474 -3.867030
475 -3.868879
476 -3.870728
477 -3.872577
478 -3.874425
479 -3.876274
480 -3.878121
481 -3.879969
482 -3.881816
483 -3.883663
484 -3.885510
485 -3.887356
486 -3.889202
487 -3.891048
488 -3.892893
489 -3.894738
490 -3.896583
491 -3.898428
492 -3.900272
493 -3.902116
494 -3.903960
495 -3.905803
496 -3.907647
497 -3.909490
498 -3.911333
499 -3.913175
500 -3.915017
501 -3.916859
502 -3.918701
503 -3.920543
504 -3.922384
505 -3.924225
506 -3.926066
507 -3.927907
508 -3.929747
509 -3.931587
510 -3.933427
511 -3.935267
512 -3.937106
513 -3.938946
514 -3.940785
515 -3.942624
516 -3.944463
517 -3.946301
518 -3.948140
519 -3.949978
520 -3.951816
521 -3.953653
522 -3.955491
523 -3.957328
524 -3.959166
525 -3.961003
526 -3.962840
527 -3.964676
528 -3.966513
529 -3.968349
530 -3.970186
531 -3.972022
532 -3.973857
533 -3.975693
534 -3.977529
535 -3.979364
536 -3.981199
537 -3.983035
538 -3.984870
539 -3.986704
540 -3.988539
541 -3.990374
542 -3.992208
543 -3.994042
544 -3.995876
545 -3.997710
546 -3.999544
547 -4.001378
548 -4.003211
549 -4.005045
550 -4.006878
551 -4.008711
552 -4.010544
553 -4.012377
554 -4.014210
555 -4.016043
556 -4.017876
557 -4.019708
558 -4.021540
559 -4.023373
560 -4.025205
561 -4.027037
562 -4.028869
563 -4.030701
564 -4.032532
565 -4.034364
566 -4.036195
567 -4.038027
568 -4.039858
569 -4.041689
570 -4.043520
571 -4.045351
572 -4.047182
573 -4.049013
574 -4.050844
575 -4.052675
576 -4.054505
577 -4.056336
578 -4.058166
579 -4.059996
580 -4.061826
581 -4.063657
582 -4.065487
583 -4.067317
584 -4.069146
585 -4.070976
586 -4.072806
587 -4.074636
588 -4.076465
589 -4.078295
590 -4.080124
591 -4.081953
592 -4.083783
593 -4.085612
594 -4.087441
595 -4.089270
596 -4.091099
597 -4.092928
598 -4.094757
599 -4.096586
600 -4.098414
601 -4.100243
602 -4.102072
603 -4.103900
604 -4.105729
605 -4.107557
606 -4.109385
607 -4.111214
608 -4.113042
609 -4.114870
610 -4.116698
611 -4.118526
612 -4.120354
613 -4.122182
614 -4.124010
615 -4.125838
616 -4.127666
617 -4.129493
618 -4.131321
619 -4.133149
620 -4.134976
621 -4.136804
622 -4.138631
623 -4.140459
624 -4.142286
625 -4.144114
626 -4.145941
627 -4.147768
628 -4.149595
629 -4.151423
630 -4.153250
631 -4.155077
632 -4.156904
633 -4.158731
634 -4.160558
635 -4.162385
636 -4.164212
637 -4.166038
638 -4.167865
639 -4.169692
640 -4.171519
641 -4.173345
642 -4.175172
643 -4.176999
644 -4.178825
645 -4.180652
646 -4.182478
647 -4.184305
648 -4.186131
649 -4.187958
650 -4.189784
651 -4.191610
652 -4.193437
653 -4.195263
654 -4.197089
655 -4.198915
656 -4.200742
657 -4.202568
658 -4.204394
659 -4.206220
660 -4.208046
661 -4.209872
662 -4.211698
663 -4.213524
664 -4.215350
665 -4.217176
666 -4.219002
667 -4.220828
668 -4.222654
669 -4.224479
670 -4.226305
671 -4.228131
672 -4.229957
673 -4.231782
674 -4.233608
675 -4.235434
676 -4.237259
677 -4.239085
678 -4.240911
679 -4.242736
680 -4.244562
681 -4.246387
682 -4.248213
683 -4.250038
684 -4.251864
685 -4.253689
686 -4.255515
687 -4.257340
688 -4.259166
689 -4.260991
690 -4.262816
691 -4.264642
692 -4.266467
693 -4.268292
694 -4.270118
695 -4.271943
696 -4.273768
697 -4.275593
698 -4.277419
699 -4.279244
700 -4.281069
701 -4.282894
702 -4.284719
703 -4.286544
704 -4.288370
705 -4.290195
706 -4.292020
707 -4.293845
708 -4.295670
709 -4.297495
710 -4.299320
711 -4.301145
712 -4.302970
713 -4.304795
714 -4.306620
715 -4.308445
716 -4.310270
717 -4.312095
718 -4.313920
719 -4.315745
720 -4.317569
721 -4.319394
722 -4.321219
723 -4.323044
724 -4.324869
725 -4.326694
726 -4.328519
727 -4.330343
728 -4.332168
729 -4.333993
730 -4.335818
731 -4.337643
732 -4.339467
733 -4.341292
734 -4.343117
735 -4.344941
736 -4.346766
737 -4.348591
738 -4.350416
739 -4.352240
740 -4.354065
741 -4.355890
742 -4.357714
743 -4.359539
744 -4.361364
745 -4.363188
746 -4.365013
747 -4.366837
748 -4.368662
749 -4.370487
750 -4.372311
751 -4.374136
752 -4.375960
753 -4.377785
754 -4.379609
755 -4.381434
756 -4.383259
757 -4.385083
758 -4.386908
759 -4.388732
760 -4.390557
761 -4.392381
762 -4.394206
763 -4.396030
764 -4.397855
765 -4.399679
766 -4.401503
767 -4.403328
768 -4.405152
769 -4.406977
770 -4.408801
771 -4.410626
772 -4.412450
773 -4.414275
774 -4.416099
775 -4.417923
776 -4.419748
777 -4.421572
778 -4.423397
779 -4.425221
780 -4.427045
781 -4.428870
782 -4.430694
783 -4.432518
784 -4.434343
785 -4.436167
786 -4.437991
787 -4.439816
788 -4.441640
789 -4.443464
790 -4.445289
791 -4.447113
792 -4.448937
793 -4.450762
794 -4.452586
795 -4.454410
796 -4.456235
797 -4.458059
798 -4.459883
799 -4.461708
800 -4.463532
801 -4.465356
802 -4.467180
803 -4.469005
804 -4.470829
805 -4.472653
806 -4.474477
807 -4.476302
808 -4.478126
809 -4.479950
810 -4.481774
811 -4.483599
812 -4.485423
813 -4.487247
814 -4.489071
815 -4.490896
816 -4.492720
817 -4.494544
818 -4.496368
819 -4.498192
820 -4.500017
821 -4.501841
822 -4.503665
823 -4.505489
824 -4.507313
825 -4.509138
826 -4.510962
827 -4.512786
828 -4.514610
829 -4.516434
830 -4.518259
831 -4.520083
832 -4.521907
833 -4.523731
834 -4.525555
835 -4.527379
836 -4.529204
837 -4.531028
838 -4.532852
839 -4.534676
840 -4.536500
841 -4.538324
842 -4.540149
843 -4.541973
844 -4.543797
845 -4.545621
846 -4.547445
847 -4.549269
848 -4.551093
849 -4.552918
850 -4.554742
851 -4.556566
852 -4.558390
853 -4.560214
854 -4.562038
855 -4.563862
856 -4.565686
857 -4.567511
858 -4.569335
859 -4.571159
860 -4.572983
861 -4.574807
862 -4.576631
863 -4.578455
864 -4.580279
865 -4.582103
866 -4.583928
867 -4.585752
868 -4.587576
869 -4.589400
870 -4.591224
871 -4.593048
872 -4.594872
873 -4.596696
874 -4.598520
875 -4.600344
876 -4.602168
877 -4.603993
878 -4.605817
879 -4.607641
880 -4.609465
881 -4.611289
882 -4.613113
883 -4.614937
884 -4.616761
885 -4.618585
886 -4.620409
887 -4.622233
888 -4.624057
889 -4.625881
890 -4.627705
891 -4.629530
892 -4.631354
893 -4.633178
894 -4.635002
895 -4.636826
896 -4.638650
897 -4.640474
898 -4.642298
899 -4.644122
900 -4.645946
901 -4.647770
902 -4.649594
903 -4.651418
904 -4.653242
905 -4.655066
906 -4.656890
907 -4.658714
908 -4.660539
909 -4.662363
910 -4.664187
911 -4.666011
912 -4.667835
913 -4.669659
914 -4.671483
915 -4.673307
916 -4.675131
917 -4.676955
918 -4.678779
919 -4.680603
920 -4.682427
921 -4.684251
922 -4.686075
923 -4.687899
924 -4.689723
925 -4.691547
926 -4.693371
927 -4.695195
928 -4.697019
929 -4.698843
930 -4.700667
931 -4.702491
932 -4.704315
933 -4.706139
934 -4.707963
935 -4.709787
936 -4.711612
937 -4.713436
938 -4.715260
939 -4.717084
940 -4.718908
941 -4.720732
942 -4.722556
943 -4.724380
944 -4.726204
945 -4.728028
946 -4.729852
947 -4.731676
948 -4.733500
949 -4.735324
950 -4.737148
951 -4.738972
952 -4.740796
953 -4.742620
954 -4.744444
955 -4.746268
956 -4.748092
957 -4.749916
958 -4.751740
959 -4.753564
960 -4.755388
961 -4.757212
962 -4.759036
963 -4.760860
964 -4.762684
965 -4.764508
966 -4.766332
967 -4.768156
968 -4.769980
969 -4.771804
970 -4.773628
971 -4.775452
972 -4.777276
973 -4.779100
974 -4.780924
975 -4.782748
976 -4.784572
977 -4.786396
978 -4.788220
979 -4.790044
980 -4.791868
981 -4.793692
982 -4.795516
983 -4.797340
984 -4.799164
985 -4.800988
986 -4.802812
987 -4.804636
988 -4.806460
989 -4.808284
990 -4.810108
991 -4.811932
992 -4.813756
993 -4.815580
994 -4.817404
995 -4.819228
996 -4.821052
997 -4.822876
998 -4.824700
999 -4.826524
1000 -4.828348
1001 -4.830172
1002 -4.831996
1003 -4.833820
1004 -4.835644
1005 -4.837468
1006 -4.839292
1007 -4.841116
1008 -4.842940
1009 -4.844764
1010 -4.846588
1011 -4.848412
1012 -4.850236
1013 -4.852060
1014 -4.853884
1015 -4.855708
1016 -4.857532
1017 -4.859356
1018 -4.861180
1019 -4.863004
1020 -4.864828
1021 -4.866652
1022 -4.868476
1023 -4.870300
1024 -4.872124
1025 -4.873948
1026 -4.875772
1027 -4.877596
1028 -4.879420
1029 -4.881244
1030 -4.883068
1031 -4.884892
1032 -4.886716
1033 -4.888540
1034 -4.890364
1035 -4.892188
1036 -4.894012
1037 -4.895836
1038 -4.897660
1039 -4.899484
1040 -4.901308
1041 -4.903132
1042 -4.904956
1043 -4.906780
1044 -4.908604
1045 -4.910428
1046 -4.912252
1047 -4.914076
1048 -4.915900
1049 -4.917724
1050 -4.919548
1051 -4.921372
1052 -4.923196
1053 -4.925020
1054 -4.926844
1055 -4.928668
1056 -4.930492
1057 -4.932316
1058 -4.934140
1059 -4.935964
1060 -4.937788
1061 -4.939612
1062 -4.941436
1063 -4.943260
1064 -4.945084
1065 -4.946908
1066 -4.948732
1067 -4.950556
1068 -4.952380
1069 -4.954204
1070 -4.956028
1071 -4.957852
1072 -4.959676
1073 -4.961500
1074 -4.963324
1075 -4.965148
1076 -4.966972
1077 -4.968796
1078 -4.970620
1079 -4.972444
1080 -4.974268
1081 -4.976092
1082 -4.977916
1083 -4.979740
1084 -4.981564
1085 -4.983387
1086 -4.985211
1087 -4.987035
1088 -4.988859
1089 -4.990683
1090 -4.992507
1091 -4.994331
1092 -4.996155
1093 -4.997979
1094 -4.999803
1095 -5.001627
1096 -5.003451
1097 -5.005275
1098 -5.007099
1099 -5.008923
1100 -5.010747
1101 -5.012571
1102 -5.014395
1103 -5.016219
1104 -5.018043
1105 -5.019867
1106 -5.021691
1107 -5.023515
1108 -5.025339
1109 -5.027163
1110 -5.028987
1111 -5.030811
1112 -5.032635
1113 -5.034459
1114 -5.036283
1115 -5.038107
1116 -5.039931
1117 -5.041755
1118 -5.043579
1119 -5.045403
1120 -5.047227
1121 -5.049051
1122 -5.050875
1123 -5.052699
1124 -5.054523
1125 -5.056347
1126 -5.058171
1127 -5.059995
1128 -5.061819
1129 -5.063643
1130 -5.065467
1131 -5.067291
1132 -5.069115
1133 -5.070939
1134 -5.072763
1135 -5.074587
1136 -5.076411
1137 -5.078235
1138 -5.080059
1139 -5.081883
1140 -5.083707
1141 -5.085531
1142 -5.087355
1143 -5.089179
1144 -5.091003
1145 -5.092827
1146 -5.094651
1147 -5.096475
1148 -5.098299
1149 -5.100123
1150 -5.101946
1151 -5.103770
1152 -5.105594
1153 -5.107418
1154 -5.109242
1155 -5.111066
1156 -5.112890
1157 -5.114714
1158 -5.116538
1159 -5.118362
1160 -5.120186
1161 -5.122010
1162 -5.123834
1163 -5.125658
1164 -5.127482
1165 -5.129306
1166 -5.131130
1167 -5.132954
1168 -5.134778
1169 -5.136602
1170 -5.138426
1171 -5.140250
1172 -5.142074
1173 -5.143898
1174 -5.145722
1175 -5.147546
1176 -5.149370
1177 -5.151194
1178 -5.153018
1179 -5.154842
1180 -5.156666
1181 -5.158490
1182 -5.160314
1183 -5.162138
1184 -5.163962
1185 -5.165786
1186 -5.167610
1187 -5.169434
1188 -5.171258
1189 -5.173082
1190 -5.174906
1191 -5.176730
1192 -5.178554
1193 -5.180378
1194 -5.182202
1195 -5.184026
1196 -5.185850
1197 -5.187674
1198 -5.189498
1199 -5.191322
1200 -5.193146
1201 -5.194970
1202 -5.196794
1203 -5.198618
1204 -5.200442
1205 -5.202266
1206 -5.204089
1207 -5.205913
1208 -5.207737
1209 -5.209561
1210 -5.211385
1211 -5.213209
1212 -5.215033
1213 -5.216857
1214 -5.218681
1215 -5.220505
1216 -5.222329
1217 -5.224153
1218 -5.225977
1219 -5.227801
1220 -5.229625
1221 -5.231449
1222 -5.233273
1223 -5.235097
1224 -5.236921
1225 -5.238745
1226 -5.240569
1227 -5.242393
1228 -5.244217
1229 -5.246041
1230 -5.247865
1231 -5.249689
1232 -5.251513
1233 -5.253337
1234 -5.255161
1235 -5.256985
1236 -5.258809
1237 -5.260633
1238 -5.262457
1239 -5.264281
1240 -5.266105
1241 -5.267929
1242 -5.269753
1243 -5.271577
1244 -5.273401
1245 -5.275225
1246 -5.277049
1247 -5.278873
1248 -5.280697
1249 -5.282521
1250 -5.284345
1251 -5.286169
1252 -5.287993
1253 -5.289817
1254 -5.291641
1255 -5.293465
1256 -5.295289
1257 -5.297113
1258 -5.298937
1259 -5.300761
1260 -5.302585
1261 -5.304408
1262 -5.306232
1263 -5.308056
1264 -5.309880
1265 -5.311704
1266 -5.313528
1267 -5.315352
1268 -5.317176
1269 -5.319000
1270 -5.320824
1271 -5.322648
1272 -5.324472
1273 -5.326296
1274 -5.328120
1275 -5.329944
1276 -5.331768
1277 -5.333592
1278 -5.335416
1279 -5.337240
1280 -5.339064
1281 -5.340888
1282 -5.342712
1283 -5.344536
1284 -5.346360
1285 -5.348184
1286 -5.350008
1287 -5.351832
1288 -5.353656
1289 -5.355480
1290 -5.357304
1291 -5.359128
1292 -5.360952
1293 -5.362776
1294 -5.364600
1295 -5.366424
1296 -5.368248
1297 -5.370072
1298 -5.371896
1299 -5.373720
1300 -5.375544
1301 -5.377368
1302 -5.379192
1303 -5.381016
1304 -5.382840
1305 -5.384664
1306 -5.386488
1307 -5.388312
1308 -5.390136
1309 -5.391960
1310 -5.393784
1311 -5.395608
1312 -5.397432
1313 -5.399256
1314 -5.401079
1315 -5.402903
1316 -5.404727
1317 -5.406551
1318 -5.408375
1319 -5.410199
1320 -5.412023
1321 -5.413847
1322 -5.415671
1323 -5.417495
1324 -5.419319
1325 -5.421143
1326 -5.422967
1327 -5.424791
1328 -5.426615
1329 -5.428439
1330 -5.430263
1331 -5.432087
1332 -5.433911
1333 -5.435735
1334 -5.437559
1335 -5.439383
1336 -5.441207
1337 -5.443031
1338 -5.444855
1339 -5.446679
1340 -5.448503
1341 -5.450327
1342 -5.452151
1343 -5.453975
1344 -5.455799
1345 -5.457623
1346 -5.459447
1347 -5.461271
1348 -5.463095
1349 -5.464919
1350 -5.466743
1351 -5.468567
1352 -5.470391
1353 -5.472215
1354 -5.474039
1355 -5.475863
1356 -5.477687
1357 -5.479511
1358 -5.481335
1359 -5.483159
1360 -5.484983
1361 -5.486807
1362 -5.488631
1363 -5.490455
1364 -5.492279
1365 -5.494103
1366 -5.495926
1367 -5.497750
1368 -5.499574
1369 -5.501398
1370 -5.503222
1371 -5.505046
1372 -5.506870
1373 -5.508694
1374 -5.510518
1375 -5.512342
1376 -5.514166
1377 -5.515990
1378 -5.517814
1379 -5.519638
1380 -5.521462
1381 -5.523286
1382 -5.525110
1383 -5.526934
1384 -5.528758
1385 -5.530582
1386 -5.532406
1387 -5.534230
1388 -5.536054
1389 -5.537878
1390 -5.539702
1391 -5.541526
1392 -5.543350
1393 -5.545174
1394 -5.546998
1395 -5.548822
1396 -5.550646
1397 -5.552470
1398 -5.554294
1399 -5.556118
1400 -5.557942
1401 -5.559766
1402 -5.561590
1403 -5.563414
1404 -5.565238
1405 -5.567062
1406 -5.568886
1407 -5.570710
1408 -5.572534
1409 -5.574358
1410 -5.576182
1411 -5.578006
1412 -5.579830
1413 -5.581654
1414 -5.583478
1415 -5.585302
1416 -5.587126
1417 -5.588950
1418 -5.590773
1419 -5.592597
1420 -5.594421
1421 -5.596245
1422 -5.598069
1423 -5.599893
1424 -5.601717
1425 -5.603541
1426 -5.605365
1427 -5.607189
1428 -5.609013
1429 -5.610837
1430 -5.612661
1431 -5.614485
1432 -5.616309
1433 -5.618133
1434 -5.619957
1435 -5.621781
1436 -5.623605
1437 -5.625429
1438 -5.627253
1439 -5.629077
1440 -5.630901
1441 -5.632725
1442 -5.634549
1443 -5.636373
1444 -5.638197
1445 -5.640021
1446 -5.641845
1447 -5.643669
1448 -5.645493
1449 -5.647317
1450 -5.649141
1451 -5.650965
1452 -5.652789
1453 -5.654613
1454 -5.656437
1455 -5.658261
1456 -5.660085
1457 -5.661909
1458 -5.663733
1459 -5.665557
1460 -5.667381
1461 -5.669205
1462 -5.671029
1463 -5.672853
1464 -5.674677
1465 -5.676501
1466 -5.678325
1467 -5.680149
1468 -5.681973
1469 -5.683797
1470 -5.685621
1471 -5.687444
1472 -5.689268
1473 -5.691092
1474 -5.692916
1475 -5.694740
1476 -5.696564
1477 -5.698388
1478 -5.700212
1479 -5.702036
1480 -5.703860
1481 -5.705684
1482 -5.707508
1483 -5.709332
1484 -5.711156
1485 -5.712980
1486 -5.714804
1487 -5.716628
1488 -5.718452
1489 -5.720276
1490 -5.722100
1491 -5.723924
1492 -5.725748
1493 -5.727572
1494 -5.729396
1495 -5.731220
1496 -5.733044
1497 -5.734868
1498 -5.736692
1499 -5.738516
1500 -5.740340
1501 -5.742164
1502 -5.743988
1503 -5.745812
1504 -5.747636
1505 -5.749460
1506 -5.751284
1507 -5.753108
1508 -5.754932
1509 -5.756756
1510 -5.758580
1511 -5.760404
1512 -5.762228
1513 -5.764052
1514 -5.765876
1515 -5.767700
1516 -5.769524
1517 -5.771348
1518 -5.773172
1519 -5.774996
1520 -5.776820
1521 -5.778644
1522 -5.780468
1523 -5.782291
1524 -5.784115
1525 -5.785939
1526 -5.787763
1527 -5.789587
1528 -5.791411
1529 -5.793235
1530 -5.795059
1531 -5.796883
1532 -5.798707
1533 -5.800531
1534 -5.802355
1535 -5.804179
1536 -5.806003
1537 -5.807827
1538 -5.809651
1539 -5.811475
1540 -5.813299
1541 -5.815123
1542 -5.816947
1543 -5.818771
1544 -5.820595
1545 -5.822419
1546 -5.824243
1547 -5.826067
1548 -5.827891
1549 -5.829715
1550 -5.831539
1551 -5.833363
1552 -5.835187
1553 -5.837011
1554 -5.838835
1555 -5.840659
1556 -5.842483
1557 -5.844307
1558 -5.846131
1559 -5.847955
1560 -5.849779
1561 -5.851603
1562 -5.853427
1563 -5.855251
1564 -5.857075
1565 -5.858899
1566 -5.860723
1567 -5.862547
1568 -5.864371
1569 -5.866195
1570 -5.868019
1571 -5.869843
1572 -5.871667
1573 -5.873491
1574 -5.875315
1575 -5.877138
1576 -5.878962
1577 -5.880786
1578 -5.882610
1579 -5.884434
1580 -5.886258
1581 -5.888082
1582 -5.889906
1583 -5.891730
1584 -5.893554
1585 -5.895378
1586 -5.897202
1587 -5.899026
1588 -5.900850
1589 -5.902674
1590 -5.904498
1591 -5.906322
1592 -5.908146
1593 -5.909970
1594 -5.911794
1595 -5.913618
1596 -5.915442
1597 -5.917266
1598 -5.919090
1599 -5.920914
1600 -5.922738
1601 -5.924562
1602 -5.926386
1603 -5.928210
1604 -5.930034
1605 -5.931858
1606 -5.933682
1607 -5.935506
1608 -5.937330
1609 -5.939154
1610 -5.940978
1611 -5.942802
1612 -5.944626
1613 -5.946450
1614 -5.948274
1615 -5.950098
1616 -5.951922
1617 -5.953746
1618 -5.955570
1619 -5.957394
1620 -5.959218
1621 -5.961042
1622 -5.962866
1623 -5.964690
1624 -5.966514
1625 -5.968338
1626 -5.970162
1627 -5.971985
1628 -5.973809
1629 -5.975633
1630 -5.977457
1631 -5.979281
1632 -5.981105
1633 -5.982929
1634 -5.984753
1635 -5.986577
1636 -5.988401
1637 -5.990225
1638 -5.992049
1639 -5.993873
1640 -5.995697
1641 -5.997521
1642 -5.999345
1643 -6.001169
1644 -6.002993
1645 -6.004817
1646 -6.006641
1647 -6.008465
1648 -6.010289
1649 -6.012113
1650 -6.013937
1651 -6.015761
1652 -6.017585
1653 -6.019409
1654 -6.021233
1655 -6.023057
1656 -6.024881
1657 -6.026705
1658 -6.028529
1659 -6.030353
1660 -6.032177
1661 -6.034001
1662 -6.035825
1663 -6.037649
1664 -6.039473
1665 -6.041297
1666 -6.043121
1667 -6.044945
1668 -6.046769
1669 -6.048593
1670 -6.050417
1671 -6.052241
1672 -6.054065
1673 -6.055889
1674 -6.057713
1675 -6.059537
1676 -6.061361
1677 -6.063185
1678 -6.065009
1679 -6.066832
1680 -6.068656
1681 -6.070480
1682 -6.072304
1683 -6.074128
1684 -6.075952
1685 -6.077776
1686 -6.079600
1687 -6.081424
1688 -6.083248
1689 -6.085072
1690 -6.086896
1691 -6.088720
1692 -6.090544
1693 -6.092368
1694 -6.094192
1695 -6.096016
1696 -6.097840
1697 -6.099664
1698 -6.101488
1699 -6.103312
1700 -6.105136
1701 -6.106960
1702 -6.108784
1703 -6.110608
1704 -6.112432
1705 -6.114256
1706 -6.116080
1707 -6.117904
1708 -6.119728
1709 -6.121552
1710 -6.123376
1711 -6.125200
1712 -6.127024
1713 -6.128848
1714 -6.130672
1715 -6.132496
1716 -6.134320
1717 -6.136144
1718 -6.137968
1719 -6.139792
1720 -6.141616
1721 -6.143440
1722 -6.145264
1723 -6.147088
1724 -6.148912
1725 -6.150736
1726 -6.152560
1727 -6.154384
1728 -6.156208
1729 -6.158032
1730 -6.159856
1731 -6.161679
1732 -6.163503
1733 -6.165327
1734 -6.167151
1735 -6.168975
1736 -6.170799
1737 -6.172623
1738 -6.174447
1739 -6.176271
1740 -6.178095
1741 -6.179919
1742 -6.181743
1743 -6.183567
1744 -6.185391
1745 -6.187215
1746 -6.189039
1747 -6.190863
1748 -6.192687
1749 -6.194511
1750 -6.196335
1751 -6.198159
1752 -6.199983
1753 -6.201807
1754 -6.203631
1755 -6.205455
1756 -6.207279
1757 -6.209103
1758 -6.210927
1759 -6.212751
1760 -6.214575
1761 -6.216399
1762 -6.218223
1763 -6.220047
1764 -6.221871
1765 -6.223695
1766 -6.225519
1767 -6.227343
1768 -6.229167
1769 -6.230991
1770 -6.232815
1771 -6.234639
1772 -6.236463
1773 -6.238287
1774 -6.240111
1775 -6.241935
1776 -6.243759
1777 -6.245583
1778 -6.247407
1779 -6.249231
1780 -6.251055
1781 -6.252879
1782 -6.254702
1783 -6.256526
1784 -6.258350
1785 -6.260174
1786 -6.261998
1787 -6.263822
1788 -6.265646
1789 -6.267470
1790 -6.269294
1791 -6.271118
1792 -6.272942
1793 -6.274766
1794 -6.276590
1795 -6.278414
1796 -6.280238
1797 -6.282062
1798 -6.283886
1799 -6.285710
1800 -6.287534
1801 -6.289358
1802 -6.291182
1803 -6.293006
1804 -6.294830
1805 -6.296654
1806 -6.298478
1807 -6.300302
1808 -6.302126
1809 -6.303950
1810 -6.305774
1811 -6.307598
1812 -6.309422
1813 -6.311246
1814 -6.313070
1815 -6.314894
1816 -6.316718
1817 -6.318542
1818 -6.320366
1819 -6.322190
1820 -6.324014
1821 -6.325838
1822 -6.327662
1823 -6.329486
1824 -6.331310
1825 -6.333134
1826 -6.334958
1827 -6.336782
1828 -6.338606
1829 -6.340430
1830 -6.342254
1831 -6.344078
1832 -6.345902
1833 -6.347726
1834 -6.349550
1835 -6.351373
1836 -6.353198
1837 -6.355021
1838 -6.356845
1839 -6.358669
1840 -6.360493
1841 -6.362317
1842 -6.364141
1843 -6.365965
1844 -6.367789
1845 -6.369613
1846 -6.371437
1847 -6.373261
1848 -6.375085
1849 -6.376909
1850 -6.378733
1851 -6.380557
1852 -6.382381
1853 -6.384205
1854 -6.386029
1855 -6.387853
1856 -6.389677
1857 -6.391501
1858 -6.393325
1859 -6.395149
1860 -6.396973
1861 -6.398797
1862 -6.400621
1863 -6.402445
1864 -6.404269
1865 -6.406093
1866 -6.407917
1867 -6.409741
1868 -6.411565
1869 -6.413389
1870 -6.415213
1871 -6.417037
1872 -6.418861
1873 -6.420685
1874 -6.422509
1875 -6.424333
1876 -6.426157
1877 -6.427981
1878 -6.429805
1879 -6.431629
1880 -6.433453
1881 -6.435277
1882 -6.437101
1883 -6.438925
1884 -6.440749
1885 -6.442573
1886 -6.444397
1887 -6.446221
1888 -6.448044
1889 -6.449868
1890 -6.451692
1891 -6.453516
1892 -6.455340
1893 -6.457164
1894 -6.458988
1895 -6.460812
1896 -6.462636
1897 -6.464460
1898 -6.466284
1899 -6.468108
1900 -6.469932
1901 -6.471756
1902 -6.473580
1903 -6.475404
1904 -6.477228
1905 -6.479052
1906 -6.480876
1907 -6.482700
1908 -6.484524
1909 -6.486348
1910 -6.488172
1911 -6.489996
1912 -6.491820
1913 -6.493644
1914 -6.495468
1915 -6.497292
1916 -6.499116
1917 -6.500940
1918 -6.502764
1919 -6.504588
1920 -6.506412
1921 -6.508236
1922 -6.510060
1923 -6.511884
1924 -6.513708
1925 -6.515532
1926 -6.517356
1927 -6.519180
1928 -6.521004
1929 -6.522828
1930 -6.524652
1931 -6.526476
1932 -6.528300
1933 -6.530124
1934 -6.531948
1935 -6.533772
1936 -6.535596
1937 -6.537420
1938 -6.539244
1939 -6.541068
1940 -6.542891
1941 -6.544716
1942 -6.546539
1943 -6.548363
1944 -6.550187
1945 -6.552011
1946 -6.553835
1947 -6.555659
1948 -6.557483
1949 -6.559307
1950 -6.561131
1951 -6.562955
1952 -6.564779
1953 -6.566603
1954 -6.568427
1955 -6.570251
1956 -6.572075
1957 -6.573899
1958 -6.575723
1959 -6.577547
1960 -6.579371
1961 -6.581195
1962 -6.583019
1963 -6.584843
1964 -6.586667
1965 -6.588491
1966 -6.590315
1967 -6.592139
1968 -6.593963
1969 -6.595787
1970 -6.597611
1971 -6.599435
1972 -6.601259
1973 -6.603083
1974 -6.604907
1975 -6.606731
1976 -6.608555
1977 -6.610379
1978 -6.612203
1979 -6.614027
1980 -6.615851
1981 -6.617675
1982 -6.619499
1983 -6.621323
1984 -6.623147
1985 -6.624971
1986 -6.626795
1987 -6.628619
1988 -6.630443
1989 -6.632267
1990 -6.634091
1991 -6.635914
1992 -6.637739
1993 -6.639562
1994 -6.641386
1995 -6.643210
1996 -6.645034
1997 -6.646858
1998 -6.648682
1999 -6.650506
2000 -6.652330
2001 -6.654154
2002 -6.655978
2003 -6.657802
2004 -6.659626
2005 -6.661450
2006 -6.663274
2007 -6.665098
2008 -6.666922
2009 -6.668746
2010 -6.670570
2011 -6.672394
2012 -6.674218
2013 -6.676042
2014 -6.677866
2015 -6.679690
2016 -6.681514
2017 -6.683338
2018 -6.685162
2019 -6.686986
2020 -6.688810
2021 -6.690634
2022 -6.692458
2023 -6.694282
2024 -6.696106
2025 -6.697930
2026 -6.699754
2027 -6.701578
2028 -6.703402
2029 -6.705226
2030 -6.707050
2031 -6.708874
2032 -6.710698
2033 -6.712522
2034 -6.714346
2035 -6.716170
2036 -6.717994
2037 -6.719818
2038 -6.721642
2039 -6.723466
2040 -6.725290
2041 -6.727113
2042 -6.728937
2043 -6.730761
2044 -6.732585
2045 -6.734409
2046 -6.736234
2047 -6.738057
2048 -6.739881
2049 -6.741705
2050 -6.743529
2051 -6.745353
2052 -6.747177
2053 -6.749001
2054 -6.750825
2055 -6.752649
2056 -6.754473
2057 -6.756297
2058 -6.758121
2059 -6.759945
2060 -6.761769
2061 -6.763593
2062 -6.765417
2063 -6.767241
2064 -6.769065
2065 -6.770889
2066 -6.772713
2067 -6.774537
2068 -6.776361
2069 -6.778185
2070 -6.780009
2071 -6.781833
2072 -6.783657
2073 -6.785481
2074 -6.787305
2075 -6.789129
2076 -6.790953
2077 -6.792777
2078 -6.794601
2079 -6.796425
2080 -6.798249
2081 -6.800073
2082 -6.801897
2083 -6.803721
2084 -6.805545
2085 -6.807369
2086 -6.809193
2087 -6.811017
2088 -6.812841
2089 -6.814665
2090 -6.816489
2091 -6.818313
2092 -6.820136
2093 -6.821960
2094 -6.823784
2095 -6.825609
2096 -6.827433
2097 -6.829256
2098 -6.831080
2099 -6.832904
2100 -6.834728
2101 -6.836552
2102 -6.838376
2103 -6.840200
2104 -6.842024
2105 -6.843848
2106 -6.845672
2107 -6.847496
2108 -6.849320
2109 -6.851144
2110 -6.852968
2111 -6.854792
2112 -6.856616
2113 -6.858440
2114 -6.860264
2115 -6.862088
2116 -6.863912
2117 -6.865736
2118 -6.867560
2119 -6.869384
2120 -6.871208
2121 -6.873032
2122 -6.874856
2123 -6.876680
2124 -6.878504
2125 -6.880328
2126 -6.882152
2127 -6.883976
2128 -6.885800
2129 -6.887624
2130 -6.889448
2131 -6.891272
2132 -6.893096
2133 -6.894920
2134 -6.896744
2135 -6.898568
2136 -6.900392
2137 -6.902216
2138 -6.904040
2139 -6.905864
2140 -6.907688
2141 -6.909512
2142 -6.911336
2143 -6.913160
2144 -6.914983
2145 -6.916807
2146 -6.918632
2147 -6.920456
2148 -6.922279
2149 -6.924104
2150 -6.925927
2151 -6.927751
2152 -6.929575
2153 -6.931400
2154 -6.933223
2155 -6.935047
2156 -6.936871
2157 -6.938695
2158 -6.940519
2159 -6.942343
2160 -6.944167
2161 -6.945991
2162 -6.947815
2163 -6.949639
2164 -6.951463
2165 -6.953287
2166 -6.955111
2167 -6.956935
2168 -6.958759
2169 -6.960583
2170 -6.962407
2171 -6.964231
2172 -6.966055
2173 -6.967879
2174 -6.969703
2175 -6.971527
2176 -6.973351
2177 -6.975175
2178 -6.976999
2179 -6.978823
2180 -6.980647
2181 -6.982471
2182 -6.984295
2183 -6.986119
2184 -6.987943
2185 -6.989767
2186 -6.991591
2187 -6.993415
2188 -6.995239
2189 -6.997063
2190 -6.998887
2191 -7.000711
2192 -7.002535
2193 -7.004359
2194 -7.006183
2195 -7.008007
2196 -7.009831
2197 -7.011654
2198 -7.013478
2199 -7.015303
2200 -7.017126
2201 -7.018951
2202 -7.020775
2203 -7.022598
2204 -7.024422
2205 -7.026247
2206 -7.028070
2207 -7.029894
2208 -7.031718
2209 -7.033542
2210 -7.035366
2211 -7.037190
2212 -7.039014
2213 -7.040838
2214 -7.042662
2215 -7.044486
2216 -7.046310
2217 -7.048134
2218 -7.049958
2219 -7.051782
2220 -7.053606
2221 -7.055430
2222 -7.057254
2223 -7.059078
2224 -7.060902
2225 -7.062726
2226 -7.064550
2227 -7.066374
2228 -7.068198
2229 -7.070022
2230 -7.071846
2231 -7.073670
2232 -7.075494
2233 -7.077318
2234 -7.079142
2235 -7.080966
2236 -7.082790
2237 -7.084614
2238 -7.086438
2239 -7.088262
2240 -7.090086
2241 -7.091910
2242 -7.093734
2243 -7.095558
2244 -7.097382
2245 -7.099206
2246 -7.101030
2247 -7.102854
2248 -7.104678
2249 -7.106502
2250 -7.108326
2251 -7.110149
2252 -7.111974
2253 -7.113797
2254 -7.115622
2255 -7.117445
2256 -7.119269
2257 -7.121093
2258 -7.122917
2259 -7.124741
2260 -7.126565
2261 -7.128389
2262 -7.130214
2263 -7.132037
2264 -7.133861
2265 -7.135685
2266 -7.137509
2267 -7.139333
2268 -7.141157
2269 -7.142981
2270 -7.144805
2271 -7.146629
2272 -7.148453
2273 -7.150277
2274 -7.152101
2275 -7.153925
2276 -7.155749
2277 -7.157573
2278 -7.159397
2279 -7.161221
2280 -7.163045
2281 -7.164869
2282 -7.166693
2283 -7.168517
2284 -7.170341
2285 -7.172165
2286 -7.173989
2287 -7.175813
2288 -7.177637
2289 -7.179461
2290 -7.181285
2291 -7.183109
2292 -7.184933
2293 -7.186757
2294 -7.188581
2295 -7.190405
2296 -7.192229
2297 -7.194053
2298 -7.195877
2299 -7.197701
2300 -7.199525
2301 -7.201349
2302 -7.203173
2303 -7.204996
2304 -7.206820
2305 -7.208644
2306 -7.210469
2307 -7.212293
2308 -7.214117
2309 -7.215940
2310 -7.217764
2311 -7.219589
2312 -7.221412
2313 -7.223237
2314 -7.225060
2315 -7.226884
2316 -7.228708
2317 -7.230532
2318 -7.232356
2319 -7.234180
2320 -7.236004
2321 -7.237828
2322 -7.239652
2323 -7.241476
2324 -7.243300
2325 -7.245124
2326 -7.246948
2327 -7.248772
2328 -7.250596
2329 -7.252420
2330 -7.254244
2331 -7.256068
2332 -7.257892
2333 -7.259716
2334 -7.261540
2335 -7.263364
2336 -7.265188
2337 -7.267012
2338 -7.268836
2339 -7.270660
2340 -7.272484
2341 -7.274308
2342 -7.276132
2343 -7.277956
2344 -7.279780
2345 -7.281604
2346 -7.283428
2347 -7.285252
2348 -7.287076
2349 -7.288900
2350 -7.290723
2351 -7.292548
2352 -7.294372
2353 -7.296196
2354 -7.298019
2355 -7.299843
2356 -7.301668
2357 -7.303491
2358 -7.305315
2359 -7.307139
2360 -7.308963
2361 -7.310788
2362 -7.312612
2363 -7.314436
2364 -7.316260
2365 -7.318084
2366 -7.319907
2367 -7.321731
2368 -7.323556
2369 -7.325379
2370 -7.327203
2371 -7.329027
2372 -7.330851
2373 -7.332675
2374 -7.334499
2375 -7.336324
2376 -7.338147
2377 -7.339971
2378 -7.341795
2379 -7.343619
2380 -7.345443
2381 -7.347267
2382 -7.349091
2383 -7.350915
2384 -7.352739
2385 -7.354563
2386 -7.356387
2387 -7.358211
2388 -7.360035
2389 -7.361859
2390 -7.363683
2391 -7.365507
2392 -7.367331
2393 -7.369155
2394 -7.370979
2395 -7.372803
2396 -7.374627
2397 -7.376450
2398 -7.378274
2399 -7.380099
2400 -7.381923
2401 -7.383746
2402 -7.385570
2403 -7.387395
2404 -7.389218
2405 -7.391043
2406 -7.392867
2407 -7.394691
2408 -7.396515
2409 -7.398339
2410 -7.400163
2411 -7.401986
2412 -7.403810
2413 -7.405634
2414 -7.407458
2415 -7.409283
2416 -7.411106
2417 -7.412930
2418 -7.414755
2419 -7.416578
2420 -7.418402
2421 -7.420227
2422 -7.422050
2423 -7.423874
2424 -7.425698
2425 -7.427522
2426 -7.429347
2427 -7.431170
2428 -7.432994
2429 -7.434818
2430 -7.436642
2431 -7.438466
2432 -7.440290
2433 -7.442114
2434 -7.443938
2435 -7.445762
2436 -7.447586
2437 -7.449410
2438 -7.451234
2439 -7.453058
2440 -7.454882
2441 -7.456706
2442 -7.458530
2443 -7.460354
2444 -7.462177
2445 -7.464002
2446 -7.465826
2447 -7.467650
2448 -7.469473
2449 -7.471298
2450 -7.473122
2451 -7.474946
2452 -7.476770
2453 -7.478594
2454 -7.480417
2455 -7.482242
2456 -7.484066
2457 -7.485889
2458 -7.487713
2459 -7.489538
2460 -7.491361
2461 -7.493186
2462 -7.495009
2463 -7.496833
2464 -7.498658
2465 -7.500481
2466 -7.502306
2467 -7.504129
2468 -7.505954
2469 -7.507777
2470 -7.509602
2471 -7.511425
2472 -7.513249
2473 -7.515072
2474 -7.516898
2475 -7.518721
2476 -7.520546
2477 -7.522369
2478 -7.524193
2479 -7.526018
2480 -7.527841
2481 -7.529665
2482 -7.531489
2483 -7.533313
2484 -7.535137
2485 -7.536961
2486 -7.538785
2487 -7.540609
2488 -7.542433
2489 -7.544257
2490 -7.546081
2491 -7.547905
2492 -7.549729
2493 -7.551553
2494 -7.553377
2495 -7.555201
2496 -7.557024
2497 -7.558849
2498 -7.560673
2499 -7.562497
2500 -7.564321
2501 -7.566145
2502 -7.567968
2503 -7.569793
2504 -7.571616
2505 -7.573441
2506 -7.575264
2507 -7.577089
2508 -7.578912
2509 -7.580737
2510 -7.582560
2511 -7.584384
2512 -7.586208
2513 -7.588032
2514 -7.589856
2515 -7.591681
2516 -7.593504
2517 -7.595328
2518 -7.597152
2519 -7.598977
2520 -7.600800
2521 -7.602624
2522 -7.604448
2523 -7.606272
2524 -7.608096
2525 -7.609920
2526 -7.611744
2527 -7.613568
2528 -7.615393
2529 -7.617216
2530 -7.619041
2531 -7.620864
2532 -7.622689
2533 -7.624512
2534 -7.626336
2535 -7.628161
2536 -7.629983
2537 -7.631809
2538 -7.633632
2539 -7.635457
2540 -7.637280
2541 -7.639104
2542 -7.640928
2543 -7.642752
2544 -7.644575
2545 -7.646400
2546 -7.648225
2547 -7.650047
2548 -7.651872
2549 -7.653696
2550 -7.655519
2551 -7.657344
2552 -7.659168
2553 -7.660991
2554 -7.662816
2555 -7.664640
2556 -7.666463
2557 -7.668288
2558 -7.670111
2559 -7.671936
2560 -7.673759
2561 -7.675584
2562 -7.677407
2563 -7.679231
2564 -7.681055
2565 -7.682879
2566 -7.684704
2567 -7.686528
2568 -7.688351
2569 -7.690176
2570 -7.691999
2571 -7.693823
2572 -7.695647
2573 -7.697472
2574 -7.699296
2575 -7.701118
2576 -7.702943
2577 -7.704767
2578 -7.706591
2579 -7.708415
2580 -7.710239
2581 -7.712063
2582 -7.713887
2583 -7.715711
2584 -7.717535
2585 -7.719359
2586 -7.721182
2587 -7.723007
2588 -7.724830
2589 -7.726655
2590 -7.728479
2591 -7.730303
2592 -7.732128
2593 -7.733951
2594 -7.735775
2595 -7.737598
2596 -7.739423
2597 -7.741246
2598 -7.743071
2599 -7.744894
2600 -7.746718
2601 -7.748544
2602 -7.750367
2603 -7.752190
2604 -7.754015
2605 -7.755838
2606 -7.757662
2607 -7.759487
2608 -7.761310
2609 -7.763135
2610 -7.764960
2611 -7.766782
2612 -7.768607
2613 -7.770430
2614 -7.772255
2615 -7.774078
2616 -7.775902
2617 -7.777727
2618 -7.779552
2619 -7.781375
2620 -7.783199
2621 -7.785023
2622 -7.786846
2623 -7.788670
2624 -7.790495
2625 -7.792318
2626 -7.794142
2627 -7.795967
2628 -7.797791
2629 -7.799614
2630 -7.801438
2631 -7.803263
2632 -7.805087
2633 -7.806910
2634 -7.808734
2635 -7.810558
2636 -7.812381
2637 -7.814205
2638 -7.816030
2639 -7.817855
2640 -7.819679
2641 -7.821503
2642 -7.823326
2643 -7.825151
2644 -7.826973
2645 -7.828797
2646 -7.830622
2647 -7.832444
2648 -7.834270
2649 -7.836095
2650 -7.837918
2651 -7.839742
2652 -7.841566
2653 -7.843389
2654 -7.845214
2655 -7.847038
2656 -7.848861
2657 -7.850687
2658 -7.852510
2659 -7.854334
2660 -7.856157
2661 -7.857982
2662 -7.859807
2663 -7.861629
2664 -7.863453
2665 -7.865277
2666 -7.867102
2667 -7.868925
2668 -7.870750
2669 -7.872573
2670 -7.874396
2671 -7.876221
2672 -7.878046
2673 -7.879868
2674 -7.881694
2675 -7.883518
2676 -7.885341
2677 -7.887165
2678 -7.888990
2679 -7.890814
2680 -7.892638
2681 -7.894463
2682 -7.896285
2683 -7.898109
2684 -7.899932
2685 -7.901759
2686 -7.903582
2687 -7.905405
2688 -7.907228
2689 -7.909052
2690 -7.910878
2691 -7.912700
2692 -7.914525
2693 -7.916347
2694 -7.918173
2695 -7.919997
2696 -7.921821
2697 -7.923645
2698 -7.925469
2699 -7.927293
2700 -7.929118
2701 -7.930942
2702 -7.932764
2703 -7.934589
2704 -7.936412
2705 -7.938237
2706 -7.940062
2707 -7.941885
2708 -7.943708
2709 -7.945532
2710 -7.947356
2711 -7.949179
2712 -7.951003
2713 -7.952829
2714 -7.954651
2715 -7.956477
2716 -7.958301
2717 -7.960126
2718 -7.961948
2719 -7.963773
2720 -7.965598
2721 -7.967422
2722 -7.969247
2723 -7.971069
2724 -7.972892
2725 -7.974718
2726 -7.976540
2727 -7.978365
2728 -7.980188
2729 -7.982013
2730 -7.983837
2731 -7.985661
2732 -7.987485
2733 -7.989309
2734 -7.991132
2735 -7.992954
2736 -7.994781
2737 -7.996605
2738 -7.998427
2739 -8.000254
2740 -8.002075
2741 -8.003900
2742 -8.005724
2743 -8.007548
2744 -8.009371
2745 -8.011198
2746 -8.013021
2747 -8.014845
2748 -8.016667
2749 -8.018492
2750 -8.020315
2751 -8.022139
2752 -8.023963
2753 -8.025786
2754 -8.027611
2755 -8.029435
2756 -8.031260
2757 -8.033083
2758 -8.034909
2759 -8.036732
2760 -8.038554
2761 -8.040378
2762 -8.042204
2763 -8.044028
2764 -8.045851
2765 -8.047676
2766 -8.049500
2767 -8.051324
2768 -8.053146
2769 -8.054971
2770 -8.056794
2771 -8.058620
2772 -8.060443
2773 -8.062265
2774 -8.064092
2775 -8.065915
2776 -8.067739
2777 -8.069563
2778 -8.071390
2779 -8.073213
2780 -8.075035
2781 -8.076860
2782 -8.078683
2783 -8.080508
2784 -8.082333
2785 -8.084154
2786 -8.085981
2787 -8.087805
2788 -8.089626
2789 -8.091451
2790 -8.093276
2791 -8.095099
2792 -8.096923
2793 -8.098746
2794 -8.100574
2795 -8.102396
2796 -8.104221
2797 -8.106042
2798 -8.107868
2799 -8.109689
2800 -8.111515
2801 -8.113339
2802 -8.115164
2803 -8.116987
2804 -8.118811
2805 -8.120636
2806 -8.122458
2807 -8.124282
2808 -8.126107
2809 -8.127930
2810 -8.129757
2811 -8.131579
2812 -8.133403
2813 -8.135224
2814 -8.137050
2815 -8.138876
2816 -8.140700
2817 -8.142521
2818 -8.144345
2819 -8.146172
2820 -8.147996
2821 -8.149818
2822 -8.151644
2823 -8.153469
2824 -8.155290
2825 -8.157114
2826 -8.158940
2827 -8.160763
2828 -8.162586
2829 -8.164413
2830 -8.166235
2831 -8.168060
2832 -8.169883
2833 -8.171710
2834 -8.173528
2835 -8.175354
2836 -8.177179
2837 -8.179003
2838 -8.180825
2839 -8.182649
2840 -8.184474
2841 -8.186296
2842 -8.188122
2843 -8.189949
2844 -8.191771
2845 -8.193596
2846 -8.195417
2847 -8.197241
2848 -8.199068
2849 -8.200891
2850 -8.202714
2851 -8.204539
2852 -8.206363
2853 -8.208185
2854 -8.210012
2855 -8.211836
2856 -8.213659
2857 -8.215480
2858 -8.217306
2859 -8.219128
2860 -8.220954
2861 -8.222779
2862 -8.224602
2863 -8.226426
2864 -8.228252
2865 -8.230073
2866 -8.231900
2867 -8.233721
2868 -8.235548
2869 -8.237370
2870 -8.239193
2871 -8.241016
2872 -8.242842
2873 -8.244665
2874 -8.246487
2875 -8.248315
2876 -8.250139
2877 -8.251961
2878 -8.253785
2879 -8.255607
2880 -8.257434
2881 -8.259258
2882 -8.261082
2883 -8.262904
2884 -8.264730
2885 -8.266555
2886 -8.268377
2887 -8.270204
2888 -8.272027
2889 -8.273851
2890 -8.275671
2891 -8.277499
2892 -8.279320
2893 -8.281149
2894 -8.282971
2895 -8.284790
2896 -8.286616
2897 -8.288443
2898 -8.290264
2899 -8.292088
2900 -8.293913
2901 -8.295737
2902 -8.297559
2903 -8.299383
2904 -8.301207
2905 -8.303031
2906 -8.304856
2907 -8.306682
2908 -8.308504
2909 -8.310330
2910 -8.312156
2911 -8.313980
2912 -8.315802
2913 -8.317625
2914 -8.319447
2915 -8.321272
2916 -8.323096
2917 -8.324923
2918 -8.326742
2919 -8.328566
2920 -8.330393
2921 -8.332214
2922 -8.334038
2923 -8.335864
2924 -8.337687
2925 -8.339510
2926 -8.341336
2927 -8.343165
2928 -8.344986
2929 -8.346812
2930 -8.348631
2931 -8.350455
2932 -8.352274
2933 -8.354106
2934 -8.355933
2935 -8.357753
2936 -8.359580
2937 -8.361401
2938 -8.363224
2939 -8.365045
2940 -8.366872
2941 -8.368698
2942 -8.370520
2943 -8.372346
2944 -8.374166
2945 -8.375995
2946 -8.377815
2947 -8.379641
2948 -8.381463
2949 -8.383286
2950 -8.385115
2951 -8.386941
2952 -8.388762
2953 -8.390580
2954 -8.392410
2955 -8.394229
2956 -8.396056
2957 -8.397877
2958 -8.399707
2959 -8.401525
2960 -8.403354
2961 -8.405175
2962 -8.407000
2963 -8.408820
2964 -8.410653
2965 -8.412473
2966 -8.414296
2967 -8.416119
2968 -8.417947
2969 -8.419771
2970 -8.421591
2971 -8.423413
2972 -8.425243
2973 -8.427061
2974 -8.428888
2975 -8.430713
2976 -8.432532
2977 -8.434363
2978 -8.436188
2979 -8.438011
2980 -8.439831
2981 -8.441650
2982 -8.443478
2983 -8.445306
2984 -8.447126
2985 -8.448955
2986 -8.450777
2987 -8.452600
2988 -8.454426
2989 -8.456245
2990 -8.458069
2991 -8.459897
2992 -8.461716
2993 -8.463546
2994 -8.465369
2995 -8.467189
2996 -8.469016
2997 -8.470839
2998 -8.472662
2999 -8.474491
3000 -8.476306
3001 -8.478133
3002 -8.479959
3003 -8.481780
3004 -8.483606
3005 -8.485434
3006 -8.487258
3007 -8.489075
3008 -8.490901
3009 -8.492732
3010 -8.494548
3011 -8.496376
3012 -8.498200
3013 -8.500024
3014 -8.501850
3015 -8.503670
3016 -8.505493
3017 -8.507320
3018 -8.509141
3019 -8.510968
3020 -8.512790
3021 -8.514613
3022 -8.516440
3023 -8.518264
3024 -8.520084
3025 -8.521909
3026 -8.523733
3027 -8.525555
3028 -8.527384
3029 -8.529206
3030 -8.531025
3031 -8.532851
3032 -8.534678
3033 -8.536501
3034 -8.538322
3035 -8.540149
3036 -8.541975
3037 -8.543796
3038 -8.545621
3039 -8.547452
3040 -8.549270
3041 -8.551097
3042 -8.552914
3043 -8.554749
3044 -8.556572
3045 -8.558391
3046 -8.560218
3047 -8.562043
3048 -8.563857
3049 -8.565684
3050 -8.567507
3051 -8.569338
3052 -8.571155
3053 -8.572975
3054 -8.574803
3055 -8.576636
3056 -8.578457
3057 -8.580280
3058 -8.582108
3059 -8.583925
3060 -8.585751
3061 -8.587572
3062 -8.589400
3063 -8.591226
3064 -8.593046
3065 -8.594870
3066 -8.596692
3067 -8.598519
3068 -8.600340
3069 -8.602168
3070 -8.603994
3071 -8.605820
3072 -8.607634
3073 -8.609459
3074 -8.611284
3075 -8.613103
3076 -8.614937
3077 -8.616754
3078 -8.618586
3079 -8.620407
3080 -8.622233
3081 -8.624052
3082 -8.625872
3083 -8.627699
3084 -8.629520
3085 -8.631355
3086 -8.633176
3087 -8.634994
3088 -8.636820
3089 -8.638649
3090 -8.640475
3091 -8.642295
3092 -8.644117
3093 -8.645945
3094 -8.647764
3095 -8.649590
3096 -8.651414
3097 -8.653233
3098 -8.655064
3099 -8.656887
3100 -8.658706
3101 -8.660530
3102 -8.662357
3103 -8.664171
3104 -8.666001
3105 -8.667828
3106 -8.669654
3107 -8.671475
3108 -8.673298
3109 -8.675122
3110 -8.676943
3111 -8.678784
3112 -8.680595
3113 -8.682418
3114 -8.684241
3115 -8.686072
3116 -8.687893
3117 -8.689718
3118 -8.691539
3119 -8.693370
3120 -8.695193
3121 -8.697007
3122 -8.698841
3123 -8.700670
3124 -8.702481
3125 -8.704312
3126 -8.706140
3127 -8.707950
3128 -8.709780
3129 -8.711604
3130 -8.713425
3131 -8.715246
3132 -8.717071
3133 -8.718903
3134 -8.720724
3135 -8.722540
3136 -8.724378
3137 -8.726200
3138 -8.728015
3139 -8.729849
3140 -8.731672
3141 -8.733487
3142 -8.735316
3143 -8.737138
3144 -8.738963
3145 -8.740797
3146 -8.742604
3147 -8.744440
3148 -8.746247
3149 -8.748083
3150 -8.749903
3151 -8.751730
3152 -8.753549
3153 -8.755373
3154 -8.757219
3155 -8.759022
3156 -8.760855
3157 -8.762674
3158 -8.764507
3159 -8.766326
3160 -8.768159
3161 -8.769970
3162 -8.771797
3163 -8.773608
3164 -8.775447
3165 -8.777267
3166 -8.779096
3167 -8.780927
3168 -8.782740
3169 -8.784560
3170 -8.786389
3171 -8.788208
3172 -8.790032
3173 -8.791867
3174 -8.793690
3175 -8.795497
3176 -8.797335
3177 -8.799154
3178 -8.800974
3179 -8.802808
3180 -8.804629
3181 -8.806445
3182 -8.808276
3183 -8.810090
3184 -8.811931
3185 -8.813750
3186 -8.815567
3187 -8.817390
3188 -8.819224
3189 -8.821035
3190 -8.822864
3191 -8.824690
3192 -8.826502
3193 -8.828344
3194 -8.830171
3195 -8.831970
3196 -8.833819
3197 -8.835641
3198 -8.837463
3199 -8.839281
3200 -8.841114
3201 -8.842930
3202 -8.844748
3203 -8.846579
3204 -8.848406
3205 -8.850216
3206 -8.852060
3207 -8.853880
3208 -8.855708
3209 -8.857519
3210 -8.859350
3211 -8.861175
3212 -8.863004
3213 -8.864820
3214 -8.866651
3215 -8.868470
3216 -8.870299
3217 -8.872114
3218 -8.873937
3219 -8.875762
3220 -8.877595
3221 -8.879396
3222 -8.881237
3223 -8.883048
3224 -8.884879
3225 -8.886718
3226 -8.888517
3227 -8.890367
3228 -8.892168
3229 -8.893992
3230 -8.895823
3231 -8.897647
3232 -8.899482
3233 -8.901287
3234 -8.903129
3235 -8.904952
3236 -8.906773
3237 -8.908598
3238 -8.910415
3239 -8.912240
3240 -8.914074
3241 -8.915885
3242 -8.917719
3243 -8.919534
3244 -8.921354
3245 -8.923190
3246 -8.925014
3247 -8.926851
3248 -8.928660
3249 -8.930490
3250 -8.932300
3251 -8.934124
3252 -8.935972
3253 -8.937782
3254 -8.939600
3255 -8.941426
3256 -8.943245
3257 -8.945094
3258 -8.946882
3259 -8.948724
3260 -8.950536
3261 -8.952370
3262 -8.954206
3263 -8.956008
3264 -8.957827
3265 -8.959677
3266 -8.961496
3267 -8.963332
3268 -8.965142
3269 -8.966960
3270 -8.968786
3271 -8.970610
3272 -8.972444
3273 -8.974253
3274 -8.976094
3275 -8.977911
3276 -8.979727
3277 -8.981557
3278 -8.983382
3279 -8.985205
3280 -8.987026
3281 -8.988829
3282 -8.990675
3283 -8.992497
3284 -8.994333
3285 -8.996141
3286 -8.997976
3287 -8.999802
3288 -9.001626
3289 -9.003458
3290 -9.005255
3291 -9.007093
3292 -9.008934
3293 -9.010727
3294 -9.012553
3295 -9.014398
3296 -9.016203
3297 -9.018029
3298 -9.019850
3299 -9.021681
3300 -9.023482
3301 -9.025318
3302 -9.027155
3303 -9.028962
3304 -9.030804
3305 -9.032625
3306 -9.034437
3307 -9.036277
3308 -9.038082
3309 -9.039917
3310 -9.041770
3311 -9.043562
3312 -9.045391
3313 -9.047219
3314 -9.049045
3315 -9.050849
3316 -9.052701
3317 -9.054502
3318 -9.056318
3319 -9.058175
3320 -9.059998
3321 -9.061818
3322 -9.063627
3323 -9.065454
3324 -9.067278
3325 -9.069102
3326 -9.070922
3327 -9.072752
3328 -9.074588
3329 -9.076399
3330 -9.078207
3331 -9.080038
3332 -9.081861
3333 -9.083707
3334 -9.085537
3335 -9.087355
3336 -9.089157
3337 -9.090982
3338 -9.092799
3339 -9.094639
3340 -9.096463
3341 -9.098294
3342 -9.100113
3343 -9.101972
3344 -9.103752
3345 -9.105581
3346 -9.107430
3347 -9.109220
3348 -9.111064
3349 -9.112869
3350 -9.114707
3351 -9.116539
3352 -9.118358
3353 -9.120172
3354 -9.121994
3355 -9.123836
3356 -9.125638
3357 -9.127487
3358 -9.129282
3359 -9.131142
3360 -9.132930
3361 -9.134761
3362 -9.136586
3363 -9.138397
3364 -9.140238
3365 -9.142063
3366 -9.143874
3367 -9.145715
3368 -9.147555
3369 -9.149361
3370 -9.151202
3371 -9.153014
3372 -9.154834
3373 -9.156661
3374 -9.158472
3375 -9.160305
3376 -9.162141
3377 -9.163952
3378 -9.165755
3379 -9.167605
3380 -9.169424
3381 -9.171226
3382 -9.173084
3383 -9.174877
3384 -9.176727
3385 -9.178545
3386 -9.180385
3387 -9.182193
3388 -9.184009
3389 -9.185848
3390 -9.187694
3391 -9.189493
3392 -9.191314
3393 -9.193158
3394 -9.194938
3395 -9.196798
3396 -9.198609
3397 -9.200442
3398 -9.202253
3399 -9.204102
3400 -9.205891
3401 -9.207713
3402 -9.209528
3403 -9.211350
3404 -9.213185
3405 -9.215038
3406 -9.216846
3407 -9.218667
3408 -9.220533
3409 -9.222347
3410 -9.224125
3411 -9.225970
3412 -9.227763
3413 -9.229624
3414 -9.231432
3415 -9.233264
3416 -9.235071
3417 -9.236918
3418 -9.238728
3419 -9.240546
3420 -9.242371
3421 -9.244221
3422 -9.246016
3423 -9.247864
3424 -9.249691
3425 -9.251497
3426 -9.253322
3427 -9.255172
3428 -9.256966
3429 -9.258784
3430 -9.260592
3431 -9.262444
3432 -9.264285
3433 -9.266122
3434 -9.267913
3435 -9.269747
3436 -9.271540
3437 -9.273390
3438 -9.275235
3439 -9.277032
3440 -9.278856
3441 -9.280705
3442 -9.282526
3443 -9.284309
3444 -9.286182
3445 -9.287981
3446 -9.289781
3447 -9.291613
3448 -9.293467
3449 -9.295277
3450 -9.297094
3451 -9.298938
3452 -9.300771
3453 -9.302559
3454 -9.304374
3455 -9.306230
3456 -9.308027
3457 -9.309865
3458 -9.311691
3459 -9.313511
3460 -9.315318
3461 -9.317187
3462 -9.318996
3463 -9.320826
3464 -9.322629
3465 -9.324455
3466 -9.326273
3467 -9.328120
3468 -9.329975
3469 -9.331775
3470 -9.333569
3471 -9.335390
3472 -9.337219
3473 -9.339035
3474 -9.340880
3475 -9.342711
3476 -9.344550
3477 -9.346339
3478 -9.348200
3479 -9.349982
3480 -9.351837
3481 -9.353641
3482 -9.355452
3483 -9.357286
3484 -9.359135
3485 -9.360925
3486 -9.362729
3487 -9.364616
3488 -9.366436
3489 -9.368195
3490 -9.370052
3491 -9.371910
3492 -9.373738
3493 -9.375511
3494 -9.377330
3495 -9.379164
3496 -9.381006
3497 -9.382786
3498 -9.384659
3499 -9.386501
3500 -9.388351
3501 -9.390080
3502 -9.391986
3503 -9.393777
3504 -9.395569
3505 -9.397458
3506 -9.399265
3507 -9.401086
3508 -9.402867
3509 -9.404704
3510 -9.406517
3511 -9.408370
3512 -9.410156
3513 -9.412024
3514 -9.413807
3515 -9.415666
3516 -9.417508
3517 -9.419296
3518 -9.421058
3519 -9.422974
3520 -9.424829
3521 -9.426596
3522 -9.428440
3523 -9.430300
3524 -9.432063
3525 -9.433912
3526 -9.435691
3527 -9.437600
3528 -9.439375
3529 -9.441157
3530 -9.443072
3531 -9.444842
3532 -9.446719
3533 -9.448532
3534 -9.450278
3535 -9.452105
3536 -9.454022
3537 -9.455763
3538 -9.457566
3539 -9.459452
3540 -9.461243
3541 -9.463069
3542 -9.464951
3543 -9.466696
3544 -9.468593
3545 -9.470402
3546 -9.472210
3547 -9.474062
3548 -9.475836
3549 -9.477646
3550 -9.479522
3551 -9.481318
3552 -9.483181
3553 -9.484971
3554 -9.486820
3555 -9.488626
3556 -9.490439
3557 -9.492260
3558 -9.494088
3559 -9.495924
3560 -9.497799
3561 -9.499538
3562 -9.501397
3563 -9.503181
3564 -9.505087
3565 -9.506887
3566 -9.508672
3567 -9.510486
3568 -9.512339
3569 -9.514169
3570 -9.516007
3571 -9.517798
3572 -9.519596
3573 -9.521434
3574 -9.523302
3575 -9.525124
3576 -9.526920
3577 -9.528701
3578 -9.530578
3579 -9.532398
3580 -9.534258
3581 -9.536036
3582 -9.537798
3583 -9.539681
3584 -9.541424
3585 -9.543357
3586 -9.545105
3587 -9.546996
3588 -9.548862
3589 -9.550642
3590 -9.552430
3591 -9.554284
3592 -9.556181
3593 -9.557957
3594 -9.559775
3595 -9.561576
3596 -9.563375
3597 -9.565216
3598 -9.567100
3599 -9.568860
3600 -9.570664
3601 -9.572536
3602 -9.574282
3603 -9.576235
3604 -9.577941
3605 -9.579856
3606 -9.581632
3607 -9.583489
3608 -9.585253
3609 -9.587126
3610 -9.588969
3611 -9.590756
3612 -9.592551
3613 -9.594455
3614 -9.596200
3615 -9.598082
3616 -9.599907
3617 -9.601778
3618 -9.603514
3619 -9.605400
3620 -9.607150
3621 -9.608986
3622 -9.610818
3623 -9.612712
3624 -9.614477
3625 -9.616236
3626 -9.618070
3627 -9.619997
3628 -9.621791
3629 -9.623621
3630 -9.625405
3631 -9.627320
3632 -9.628979
3633 -9.630910
3634 -9.632654
3635 -9.634529
3636 -9.636359
3637 -9.638167
3638 -9.640025
3639 -9.641848
3640 -9.643637
3641 -9.645518
3642 -9.647365
3643 -9.649103
3644 -9.650934
3645 -9.652804
3646 -9.654607
3647 -9.656418
3648 -9.658193
3649 -9.660138
3650 -9.661958
3651 -9.663649
3652 -9.665543
3653 -9.667355
3654 -9.669143
3655 -9.670971
3656 -9.672852
3657 -9.674662
3658 -9.676513
3659 -9.678293
3660 -9.680206
3661 -9.682001
3662 -9.683725
3663 -9.685581
3664 -9.687399
3665 -9.689225
3666 -9.691105
3667 -9.692946
3668 -9.694795
3669 -9.696522
3670 -9.698434
3671 -9.700224
3672 -9.702021
3673 -9.703910
3674 -9.705589
3675 -9.707542
3676 -9.709285
3677 -9.711205
3678 -9.713049
3679 -9.714814
3680 -9.716623
3681 -9.718489
3682 -9.720227
3683 -9.722159
3684 -9.723911
3685 -9.725671
3686 -9.727576
3687 -9.729299
3688 -9.731273
3689 -9.733025
3690 -9.734769
3691 -9.736663
3692 -9.738527
3693 -9.740400
3694 -9.742136
3695 -9.743970
3696 -9.745813
3697 -9.747679
3698 -9.749429
3699 -9.751256
3700 -9.753091
3701 -9.754917
3702 -9.756713
3703 -9.758571
3704 -9.760437
3705 -9.762239
3706 -9.764009
3707 -9.765842
3708 -9.767714
3709 -9.769492
3710 -9.771251
3711 -9.773156
3712 -9.775029
3713 -9.776842
3714 -9.778600
3715 -9.780380
3716 -9.782242
3717 -9.784096
3718 -9.785947
3719 -9.787743
3720 -9.789620
3721 -9.791463
3722 -9.793314
3723 -9.795009
3724 -9.796754
3725 -9.798721
3726 -9.800448
3727 -9.802399
3728 -9.804192
3729 -9.806080
3730 -9.807827
3731 -9.809642
3732 -9.811561
3733 -9.813215
3734 -9.815161
3735 -9.816944
3736 -9.818787
3737 -9.820533
3738 -9.822403
3739 -9.824152
3740 -9.825972
3741 -9.827847
3742 -9.829683
3743 -9.831546
3744 -9.833398
3745 -9.835126
3746 -9.836993
3747 -9.838923
3748 -9.840571
3749 -9.842414
3750 -9.844313
3751 -9.846220
3752 -9.847903
3753 -9.849758
3754 -9.851572
3755 -9.853325
3756 -9.855273
3757 -9.857118
3758 -9.858816
3759 -9.860746
3760 -9.862409
3761 -9.864327
3762 -9.866132
3763 -9.868095
3764 -9.869715
3765 -9.871694
3766 -9.873399
3767 -9.875243
3768 -9.877219
3769 -9.878902
3770 -9.880717
3771 -9.882592
3772 -9.884475
3773 -9.886165
3774 -9.888085
3775 -9.889714
3776 -9.891658
3777 -9.893368
3778 -9.895375
3779 -9.897260
3780 -9.898924
3781 -9.900748
3782 -9.902734
3783 -9.904442
3784 -9.906289
3785 -9.908067
3786 -9.910008
3787 -9.911801
3788 -9.913545
3789 -9.915352
3790 -9.917190
3791 -9.919092
3792 -9.921003
3793 -9.922785
3794 -9.924492
3795 -9.926288
3796 -9.928231
3797 -9.929960
3798 -9.931919
3799 -9.933663
3800 -9.935497
3801 -9.937339
3802 -9.939138
3803 -9.940902
3804 -9.942683
3805 -9.944589
3806 -9.946351
3807 -9.948154
3808 -9.950085
3809 -9.951869
3810 -9.953782
3811 -9.955554
3812 -9.957396
3813 -9.959218
3814 -9.960952
3815 -9.962789
3816 -9.964626
3817 -9.966354
3818 -9.968268
3819 -9.970074
3820 -9.971950
3821 -9.973918
3822 -9.975683
3823 -9.977456
3824 -9.979144
3825 -9.981023
3826 -9.982976
3827 -9.984619
3828 -9.986522
3829 -9.988406
3830 -9.990326
3831 -9.991997
3832 -9.993743
3833 -9.995656
3834 -9.997542
3835 -9.999242
3836 -10.001113
3837 -10.003060
3838 -10.004714
3839 -10.006512
3840 -10.008412
3841 -10.010256
3842 -10.011907
3843 -10.014002
3844 -10.015699
3845 -10.017540
3846 -10.019322
3847 -10.021280
3848 -10.023005
3849 -10.024880
3850 -10.026761
3851 -10.028508
3852 -10.030407
3853 -10.032240
3854 -10.034081
3855 -10.035930
3856 -10.037680
3857 -10.039471
3858 -10.041310
3859 -10.042904
3860 -10.044898
3861 -10.046794
3862 -10.048587
3863 -10.050208
3864 -10.052127
3865 -10.054164
3866 -10.055772
3867 -10.057823
3868 -10.059479
3869 -10.061250
3870 -10.063104
3871 -10.065081
3872 -10.066765
3873 -10.068565
3874 -10.070454
3875 -10.072351
3876 -10.074175
3877 -10.075973
3878 -10.077728
3879 -10.079544
3880 -10.081398
3881 -10.083258
3882 -10.085014
3883 -10.086889
3884 -10.088541
3885 -10.090635
3886 -10.092217
3887 -10.094124
3888 -10.095924
3889 -10.097608
3890 -10.099660
3891 -10.101481
3892 -10.103309
3893 -10.105145
3894 -10.106658
3895 -10.108632
3896 -10.110488
3897 -10.112480
3898 -10.114355
3899 -10.116115
3900 -10.117917
3901 -10.119562
3902 -10.121502
3903 -10.123511
3904 -10.124994
3905 -10.126925
3906 -10.128898
3907 -10.130588
3908 -10.132578
3909 -10.134318
3910 -10.135898
3911 -10.137877
3912 -10.139901
3913 -10.141540
3914 -10.143545
3915 -10.145099
3916 -10.146985
3917 -10.148820
3918 -10.150823
3919 -10.152403
3920 -10.154086
3921 -10.156187
3922 -10.158024
3923 -10.159869
3924 -10.161684
3925 -10.163545
3926 -10.165310
3927 -10.166865
3928 -10.169032
3929 -10.170680
3930 -10.172617
3931 -10.174199
3932 -10.176258
3933 -10.178182
3934 -10.179969
3935 -10.181697
3936 -10.183460
3937 -10.185416
3938 -10.187018
3939 -10.188951
3940 -10.190526
3941 -10.192705
3942 -10.194254
3943 -10.196260
3944 -10.198122
3945 -10.200146
3946 -10.201916
3947 -10.203735
3948 -10.205279
3949 -10.207267
3950 -10.209067
3951 -10.210944
3952 -10.212801
3953 -10.214265
3954 -10.216295
3955 -10.218204
3956 -10.220092
3957 -10.221856
3958 -10.223646
3959 -10.225587
3960 -10.227139
3961 -10.229229
3962 -10.230751
3963 -10.232651
3964 -10.234393
3965 -10.236143
3966 -10.238278
3967 -10.240118
3968 -10.241891
3969 -10.243596
3970 -10.245629
3971 -10.247303
3972 -10.248935
3973 -10.250916
3974 -10.252734
3975 -10.254655
3976 -10.256566
3977 -10.258233
3978 -10.260257
3979 -10.262036
3980 -10.263677
3981 -10.265423
3982 -10.267124
3983 -10.269011
3984 -10.271086
3985 -10.272910
3986 -10.274512
3987 -10.276512
3988 -10.278128
3989 -10.280247
3990 -10.282110
3991 -10.283643
3992 -10.285471
3993 -10.287543
3994 -10.289334
3995 -10.291081
3996 -10.292886
3997 -10.294669
3998 -10.296544
3999 -10.298457
4000 -10.300263
4001 -10.301862
4002 -10.303712
4003 -10.305735
4004 -10.307354
4005 -10.309228
4006 -10.311168
4007 -10.312829
4008 -10.314674
4009 -10.316348
4010 -10.318663
4011 -10.320242
4012 -10.322119
4013 -10.323913
4014 -10.325511
4015 -10.327433
4016 -10.329455
4017 -10.331280
4018 -10.332938
4019 -10.334986
4020 -10.336592
4021 -10.338448
4022 -10.340522
4023 -10.342215
4024 -10.344061
4025 -10.345769
4026 -10.347630
4027 -10.349414
4028 -10.351325
4029 -10.353027
4030 -10.354954
4031 -10.356636
4032 -10.358613
4033 -10.360531
4034 -10.362304
4035 -10.364114
4036 -10.365708
4037 -10.367432
4038 -10.369460
4039 -10.371234
4040 -10.373208
4041 -10.374872
4042 -10.376669
4043 -10.378437
4044 -10.380352
4045 -10.382368
4046 -10.384197
4047 -10.385866
4048 -10.387746
4049 -10.389834
4050 -10.391525
4051 -10.393186
4052 -10.394927
4053 -10.396772
4054 -10.398528
4055 -10.400631
4056 -10.401916
4057 -10.404073
4058 -10.406202
4059 -10.407751
4060 -10.409898
4061 -10.411460
4062 -10.413198
4063 -10.415412
4064 -10.416742
4065 -10.418975
4066 -10.420783
4067 -10.422560
4068 -10.424806
4069 -10.426181
4070 -10.427980
4071 -10.429827
4072 -10.431421
4073 -10.433509
4074 -10.435339
4075 -10.436995
4076 -10.438839
4077 -10.440732
4078 -10.442409
4079 -10.444276
4080 -10.446428
4081 -10.447849
4082 -10.449783
4083 -10.451452
4084 -10.453597
4085 -10.455324
4086 -10.457015
4087 -10.458946
4088 -10.460416
4089 -10.462363
4090 -10.464125
4091 -10.466133
4092 -10.468105
4093 -10.469846
4094 -10.471640
4095 -10.473637
4096 -10.475446
4097 -10.476722
4098 -10.478743
4099 -10.480574
4100 -10.482613
4101 -10.484460
4102 -10.485973
4103 -10.487577
4104 -10.489649
4105 -10.491778
4106 -10.493317
4107 -10.495210
4108 -10.497367
4109 -10.498709
4110 -10.500884
4111 -10.502496
4112 -10.504908
4113 -10.506014
4114 -10.507914
4115 -10.509601
4116 -10.511468
4117 -10.513981
4118 -10.515418
4119 -10.517318
4120 -10.518724
4121 -10.520723
4122 -10.522740
4123 -10.524392
4124 -10.526094
4125 -10.528136
4126 -10.529526
4127 -10.531584
4128 -10.533314
4129 -10.535625
4130 -10.537424
4131 -10.538844
4132 -10.540612
4133 -10.542431
4134 -10.544783
4135 -10.546620
4136 -10.548079
4137 -10.549877
4138 -10.551735
4139 -10.553557
4140 -10.555377
4141 -10.557213
4142 -10.559104
4143 -10.560901
4144 -10.563058
4145 -10.564369
4146 -10.566188
4147 -10.568062
4148 -10.570312
4149 -10.572203
4150 -10.573799
4151 -10.575400
4152 -10.577688
4153 -10.579612
4154 -10.580925
4155 -10.582553
4156 -10.584080
4157 -10.586405
4158 -10.588427
4159 -10.590409
4160 -10.591696
4161 -10.594063
4162 -10.595740
4163 -10.597756
4164 -10.599065
4165 -10.600763
4166 -10.602853
4167 -10.604565
4168 -10.606613
4169 -10.608680
4170 -10.610074
4171 -10.611815
4172 -10.613959
4173 -10.615664
4174 -10.617080
4175 -10.619537
4176 -10.620573
4177 -10.623103
4178 -10.625250
4179 -10.626645
4180 -10.628508
4181 -10.630324
4182 -10.632508
4183 -10.633926
4184 -10.635766
4185 -10.637613
4186 -10.639103
4187 -10.640909
4188 -10.642835
4189 -10.644656
4190 -10.645811
4191 -10.648063
4192 -10.649601
4193 -10.651565
4194 -10.653424
4195 -10.656153
4196 -10.657281
4197 -10.659280
4198 -10.661185
4199 -10.663506
4200 -10.665099
4201 -10.666628
4202 -10.668222
4203 -10.670605
4204 -10.671831
4205 -10.673444
4206 -10.676181
4207 -10.677882
4208 -10.679457
4209 -10.681500
4210 -10.682758
4211 -10.684878
4212 -10.686886
4213 -10.688860
4214 -10.690580
4215 -10.691864
4216 -10.693553
4217 -10.696079
4218 -10.697616
4219 -10.699027
4220 -10.701165
4221 -10.702826
4222 -10.704983
4223 -10.707215
4224 -10.708550
4225 -10.710174
4226 -10.712014
4227 -10.714217
4228 -10.715996
4229 -10.718152
4230 -10.719521
4231 -10.721321
4232 -10.723142
4233 -10.725330
4234 -10.727227
4235 -10.728556
4236 -10.730845
4237 -10.731734
4238 -10.733517
4239 -10.736357
4240 -10.737327
4241 -10.739592
4242 -10.741030
4243 -10.743385
4244 -10.744300
4245 -10.746673
4246 -10.749060
4247 -10.750529
4248 -10.752463
4249 -10.754492
4250 -10.755749
4251 -10.757511
4252 -10.759132
4253 -10.762145
4254 -10.763174
4255 -10.764619
4256 -10.767106
4257 -10.768474
4258 -10.770290
4259 -10.772530
4260 -10.774279
4261 -10.775638
4262 -10.777894
4263 -10.779837
4264 -10.781752
4265 -10.783414
4266 -10.785829
4267 -10.786943
4268 -10.788625
4269 -10.791176
4270 -10.792795
4271 -10.793820
4272 -10.795529
4273 -10.797515
4274 -10.800199
4275 -10.801242
4276 -10.802980
4277 -10.805000
4278 -10.807361
4279 -10.808351
4280 -10.811102
4281 -10.812172
4282 -10.814318
4283 -10.816110
4284 -10.817825
4285 -10.819547
4286 -10.820638
4287 -10.823384
4288 -10.825587
4289 -10.827010
4290 -10.828878
4291 -10.830679
4292 -10.832205
4293 -10.834234
4294 -10.835362
4295 -10.837906
4296 -10.839430
4297 -10.841998
4298 -10.843768
4299 -10.844972
4300 -10.847212
4301 -10.849130
4302 -10.850600
4303 -10.851714
4304 -10.854874
4305 -10.855890
4306 -10.858265
4307 -10.860123
4308 -10.861260
4309 -10.863665
4310 -10.865579
4311 -10.867502
4312 -10.868720
4313 -10.870656
4314 -10.872602
4315 -10.874651
4316 -10.875889
4317 -10.878094
4318 -10.879625
4319 -10.881514
4320 -10.883509
4321 -10.885611
4322 -10.886880
4323 -10.888900
4324 -10.890613
4325 -10.892651
4326 -10.894805
4327 -10.896366
4328 -10.898056
4329 -10.899363
4330 -10.901442
4331 -10.903632
4332 -10.905405
4333 -10.907513
4334 -10.908396
4335 -10.911168
4336 -10.913212
4337 -10.914461
4338 -10.916153
4339 -10.917180
4340 -10.920147
4341 -10.922434
4342 -10.923817
4343 -10.925203
4344 -10.926487
4345 -10.929543
4346 -10.930103
4347 -10.932443
4348 -10.933749
4349 -10.935928
4350 -10.938301
4351 -10.939805
4352 -10.942120
4353 -10.943534
4354 -10.944985
4355 -10.946329
4356 -10.948209
4357 -10.950114
4358 -10.953316
4359 -10.953491
4360 -10.955785
4361 -10.956911
4362 -10.958776
4363 -10.962105
4364 -10.963185
4365 -10.965594
4366 -10.967559
4367 -10.969551
4368 -10.971472
4369 -10.972115
4370 -10.973545
4371 -10.976324
4372 -10.978614
4373 -10.980188
4374 -10.981832
4375 -10.982303
4376 -10.984282
4377 -10.987353
4378 -10.988414
4379 -10.991346
4380 -10.992586
4381 -10.994276
4382 -10.996799
4383 -10.998231
4384 -10.999960
4385 -11.001120
4386 -11.003272
4387 -11.005349
4388 -11.007462
4389 -11.008909
4390 -11.010259
4391 -11.012944
4392 -11.014070
4393 -11.016676
4394 -11.018643
4395 -11.020676
4396 -11.021305
4397 -11.023560
4398 -11.024714
4399 -11.027490
4400 -11.029321
4401 -11.031020
4402 -11.033837
4403 -11.035487
4404 -11.036232
4405 -11.038472
4406 -11.039083
4407 -11.040892
4408 -11.043157
4409 -11.046054
4410 -11.047773
4411 -11.049596
4412 -11.050366
4413 -11.052223
4414 -11.054208
4415 -11.056277
4416 -11.058160
4417 -11.058945
4418 -11.061950
4419 -11.063063
4420 -11.064327
4421 -11.066192
4422 -11.069301
4423 -11.070185
4424 -11.070763
4425 -11.073189
4426 -11.075915
4427 -11.078266
4428 -11.080327
4429 -11.082082
4430 -11.083403
4431 -11.085252
4432 -11.086796
4433 -11.088683
4434 -11.091819
4435 -11.093433
4436 -11.094035
4437 -11.095999
4438 -11.097819
4439 -11.099188
4440 -11.101695
4441 -11.103355
4442 -11.105291
4443 -11.107919
4444 -11.108636
4445 -11.110514
4446 -11.112171
4447 -11.113421
4448 -11.115657
4449 -11.118461
4450 -11.118994
4451 -11.121909
4452 -11.123356
4453 -11.125384
4454 -11.127592
4455 -11.129059
4456 -11.130359
4457 -11.131376
4458 -11.133351
4459 -11.135600
4460 -11.138418
4461 -11.138999
4462 -11.142029
4463 -11.144173
4464 -11.146491
4465 -11.146556
4466 -11.147236
4467 -11.152118
4468 -11.151962
4469 -11.154807
4470 -11.155799
4471 -11.157364
4472 -11.157461
4473 -11.161947
4474 -11.163349
4475 -11.165760
4476 -11.168646
4477 -11.169324
4478 -11.169893
4479 -11.170621
4480 -11.173676
4481 -11.175913
4482 -11.178435
4483 -11.180085
4484 -11.182175
4485 -11.184163
4486 -11.186057
4487 -11.185966
4488 -11.190216
4489 -11.190625
4490 -11.191407
4491 -11.194699
4492 -11.197291
4493 -11.198171
4494 -11.199255
4495 -11.202173
4496 -11.203888
4497 -11.205266
4498 -11.206055
4499 -11.209371
4500 -11.210936
4501 -11.212506
4502 -11.213626
4503 -11.215810
4504 -11.218847
4505 -11.220997
4506 -11.221267
4507 -11.223408
4508 -11.225024
4509 -11.226059
4510 -11.230338
4511 -11.228425
4512 -11.230715
4513 -11.233198
4514 -11.235069
4515 -11.238030
4516 -11.238881
4517 -11.242272
4518 -11.243966
4519 -11.245353
4520 -11.247053
4521 -11.248026
4522 -11.250971
4523 -11.252921
4524 -11.253922
4525 -11.257626
4526 -11.256893
4527 -11.260623
4528 -11.261046
4529 -11.263911
4530 -11.265024
4531 -11.268367
4532 -11.267713
4533 -11.268465
4534 -11.273343
4535 -11.274393
4536 -11.276451
4537 -11.277507
4538 -11.280645
4539 -11.280281
4540 -11.283721
4541 -11.284586
4542 -11.287567
4543 -11.289280
4544 -11.290686
4545 -11.292666
4546 -11.293974
4547 -11.296855
4548 -11.296260
4549 -11.297234
4550 -11.294949
4551 -11.304261
4552 -11.304779
4553 -11.305772
4554 -11.309121
4555 -11.311090
4556 -11.312688
4557 -11.314481
4558 -11.313330
4559 -11.317789
4560 -11.318743
4561 -11.320174
4562 -11.321343
4563 -11.325673
4564 -11.327624
4565 -11.330617
4566 -11.330719
4567 -11.333315
4568 -11.334483
4569 -11.336004
4570 -11.337818
4571 -11.337629
4572 -11.339178
4573 -11.342600
4574 -11.345779
4575 -11.345927
4576 -11.348740
4577 -11.349925
4578 -11.353665
4579 -11.353635
4580 -11.357086
4581 -11.359393
4582 -11.359544
4583 -11.362386
4584 -11.362142
4585 -11.366008
4586 -11.367197
4587 -11.368954
4588 -11.369801
4589 -11.370442
4590 -11.373329
4591 -11.375358
4592 -11.377863
4593 -11.379292
4594 -11.382821
4595 -11.384874
4596 -11.385346
4597 -11.387694
4598 -11.388896
4599 -11.389626
4600 -11.393441
4601 -11.392768
4602 -11.395828
4603 -11.398066
4604 -11.400484
4605 -11.398847
4606 -11.400484
4607 -11.403303
4608 -11.406074
4609 -11.409807
4610 -11.411342
4611 -11.412747
4612 -11.415481
4613 -11.415618
4614 -11.418860
4615 -11.418870
4616 -11.420112
4617 -11.421407
4618 -11.422479
4619 -11.425702
4620 -11.424330
4621 -11.429162
4622 -11.431103
4623 -11.432809
4624 -11.435334
4625 -11.429690
4626 -11.439830
4627 -11.439949
4628 -11.441068
4629 -11.445349
4630 -11.446836
4631 -11.443986
4632 -11.447161
4633 -11.450277
4634 -11.452701
4635 -11.454956
4636 -11.457406
4637 -11.456005
4638 -11.461463
4639 -11.463286
4640 -11.463140
4641 -11.466098
4642 -11.468718
4643 -11.469500
4644 -11.468927
4645 -11.472152
4646 -11.472345
4647 -11.478677
4648 -11.478248
4649 -11.478347
4650 -11.478178
4651 -11.485193
4652 -11.486537
4653 -11.486698
4654 -11.487944
4655 -11.492714
4656 -11.491788
4657 -11.495398
4658 -11.494791
4659 -11.499977
4660 -11.499671
4661 -11.501475
4662 -11.503037
4663 -11.505227
4664 -11.508324
4665 -11.510261
4666 -11.513676
4667 -11.511331
4668 -11.515907
4669 -11.515907
4670 -11.520437
4671 -11.518464
4672 -11.521332
4673 -11.522212
4674 -11.521658
4675 -11.521483
4676 -11.524582
4677 -11.527939
4678 -11.532212
4679 -11.533420
4680 -11.537395
4681 -11.537210
4682 -11.540498
4683 -11.540535
4684 -11.532768
4685 -11.546501
4686 -11.544839
4687 -11.548234
4688 -11.553995
4689 -11.549670
4690 -11.554934
4691 -11.550975
4692 -11.559040
4693 -11.555042
4694 -11.559362
4695 -11.561112
4696 -11.565622
4697 -11.565613
4698 -11.569654
4699 -11.573248
4700 -11.569654
4701 -11.574071
4702 -11.575008
4703 -11.578334
4704 -11.580208
4705 -11.575105
4706 -11.582216
4707 -11.582416
4708 -11.586789
4709 -11.589312
4710 -11.593276
4711 -11.588809
4712 -11.592186
4713 -11.597576
4714 -11.599257
4715 -11.599903
4716 -11.596740
4717 -11.599033
4718 -11.602530
4719 -11.604158
4720 -11.606516
4721 -11.606923
4722 -11.608412
4723 -11.614919
4724 -11.607467
4725 -11.614584
4726 -11.617444
4727 -11.623990
4728 -11.622116
4729 -11.623999
4730 -11.627528
4731 -11.623457
4732 -11.623457
4733 -11.631443
4734 -11.630988
4735 -11.630172
4736 -11.631819
4737 -11.641600
4738 -11.632058
4739 -11.641120
4740 -11.639913
4741 -11.644832
4742 -11.646080
4743 -11.649614
4744 -11.651429
4745 -11.648762
4746 -11.655064
4747 -11.648762
4748 -11.655800
4749 -11.659288
4750 -11.658597
4751 -11.664234
4752 -11.666142
4753 -11.654915
4754 -11.668185
4755 -11.668265
4756 -11.670544
4757 -11.672916
4758 -11.676640
4759 -11.677771
4760 -11.683037
4761 -11.681453
4762 -11.683406
4763 -11.679204
4764 -11.686708
4765 -11.688078
4766 -11.687941
4767 -11.695671
4768 -11.695165
4769 -11.693105
4770 -11.693777
4771 -11.688517
4772 -11.700955
4773 -11.702287
4774 -11.703550
4775 -11.703411
4776 -11.706496
4777 -11.706496
4778 -11.713680
4779 -11.709625
4780 -11.715972
4781 -11.715972
4782 -11.719390
4783 -11.716708
4784 -11.718911
4785 -11.719390
4786 -11.725056
4787 -11.727105
4788 -11.732928
4789 -11.727105
4790 -11.733312
4791 -11.738671
4792 -11.736348
4793 -11.739628
4794 -11.739634
4795 -11.742335
4796 -11.745019
4797 -11.742033
4798 -11.742954
4799 -11.747882
4800 -11.750604
4801 -11.752870
4802 -11.753078
4803 -11.757590
4804 -11.758137
4805 -11.745077
4806 -11.760464
4807 -11.762472
4808 -11.755935
4809 -11.768626
4810 -11.767696
4811 -11.773998
4812 -11.773998
4813 -11.773780
4814 -11.767233
4815 -11.776308
4816 -11.779974
4817 -11.779974
4818 -11.779974
4819 -11.779974
4820 -11.785294
4821 -11.782005
4822 -11.779451
4823 -11.789518
4824 -11.794737
4825 -11.789315
4826 -11.789863
4827 -11.789863
4828 -11.797496
4829 -11.800531
4830 -11.795292
4831 -11.801368
4832 -11.805816
4833 -11.812026
4834 -11.811603
4835 -11.801353
4836 -11.810320
4837 -11.814431
4838 -11.822168
4839 -11.815881
4840 -11.819374
4841 -11.827197
4842 -11.818059
4843 -11.832288
4844 -11.832257
4845 -11.824449
4846 -11.836015
4847 -11.835777
4848 -11.835608
4849 -11.821974
4850 -11.837961
4851 -11.841614
4852 -11.844668
4853 -11.846889
4854 -11.849765
4855 -11.852082
4856 -11.849097
4857 -11.849951
4858 -11.845276
4859 -11.854118
4860 -11.855933
4861 -11.856349
4862 -11.855959
4863 -11.863076
4864 -11.863838
4865 -11.857983
4866 -11.845276
4867 -11.861401
4868 -11.870489
4869 -11.874466
4870 -11.872512
4871 -11.874466
4872 -11.873017
4873 -11.884993
4874 -11.884125
4875 -11.874466
4876 -11.878103
4877 -11.878683
4878 -11.888006
4879 -11.888006
4880 -11.894506
4881 -11.883530
4882 -11.877956
4883 -11.899914
4884 -11.892768
4885 -11.898965
4886 -11.902482
4887 -11.897687
4888 -11.899914
4889 -11.899914
4890 -11.899678
4891 -11.915508
4892 -11.914955
4893 -11.904391
4894 -11.915262
4895 -11.923101
4896 -11.925499
4897 -11.916814
4898 -11.915508
4899 -11.922543
4900 -11.915643
4901 -11.922394
4902 -11.915643
4903 -11.930525
4904 -11.934073
4905 -11.937076
4906 -11.942972
4907 -11.941481
4908 -11.939749
4909 -11.931081
4910 -11.945327
4911 -11.928092
4912 -11.943561
4913 -11.948509
4914 -11.949629
4915 -11.955711
4916 -11.955711
4917 -11.948809
4918 -11.961979
4919 -11.959452
4920 -11.945615
4921 -11.960641
4922 -11.960066
4923 -11.960066
4924 -11.962493
4925 -11.965005
4926 -11.963573
4927 -11.972842
4928 -11.975494
4929 -11.963876
4930 -11.978775
4931 -11.969916
4932 -11.978854
4933 -11.987421
4934 -11.975753
4935 -11.982078
4936 -11.975753
4937 -11.978854
4938 -11.975753
4939 -11.973553
4940 -11.998079
4941 -11.986896
4942 -11.997623
