1 0.346787
2 0.189183
3 0.025907
4 -0.103382
5 -0.183170
6 -0.247529
7 -0.304218
8 -0.354226
9 -0.398929
10 -0.439380
11 -0.474198
12 -0.505107
13 -0.533975
14 -0.561112
15 -0.586470
16 -0.610232
17 -0.632832
18 -0.654416
19 -0.675102
20 -0.694993
21 -0.714175
22 -0.732723
23 -0.750700
24 -0.768164
25 -0.785161
26 -0.801736
27 -0.817925
28 -0.833760
29 -0.849270
30 -0.864480
31 -0.879411
32 -0.894082
33 -0.908511
34 -0.922711
35 -0.936696
36 -0.950478
37 -0.964066
38 -0.977470
39 -0.990698
40 -1.003758
41 -1.016656
42 -1.029398
43 -1.041990
44 -1.054438
45 -1.066746
46 -1.078918
47 -1.090960
48 -1.102874
49 -1.114664
50 -1.126335
51 -1.137888
52 -1.149328
53 -1.160658
54 -1.171880
55 -1.182997
56 -1.194011
57 -1.204926
58 -1.215743
59 -1.226465
60 -1.237095
61 -1.247634
62 -1.258085
63 -1.268450
64 -1.278730
65 -1.288928
66 -1.299045
67 -1.309084
68 -1.319046
69 -1.328933
70 -1.338746
71 -1.348488
72 -1.358160
73 -1.367762
74 -1.377298
75 -1.386769
76 -1.396175
77 -1.405519
78 -1.414801
79 -1.424024
80 -1.433187
81 -1.442294
82 -1.451344
83 -1.460340
84 -1.469282
85 -1.478172
86 -1.487010
87 -1.495799
88 -1.504538
89 -1.513229
90 -1.521874
91 -1.530473
92 -1.539027
93 -1.546838
94 -1.554532
95 -1.562187
96 -1.569803
97 -1.577381
98 -1.584922
99 -1.592427
100 -1.599896
101 -1.607331
102 -1.614732
103 -1.622099
104 -1.629434
105 -1.636736
106 -1.644007
107 -1.651247
108 -1.658457
109 -1.665637
110 -1.672788
111 -1.679911
112 -1.687006
113 -1.694073
114 -1.701114
115 -1.708128
116 -1.715116
117 -1.722079
118 -1.729017
119 -1.735930
120 -1.742820
121 -1.749686
122 -1.756528
123 -1.763348
124 -1.770146
125 -1.776922
126 -1.783676
127 -1.790409
128 -1.797122
129 -1.803814
130 -1.810486
131 -1.817138
132 -1.823771
133 -1.830385
134 -1.836980
135 -1.843557
136 -1.850115
137 -1.856656
138 -1.863180
139 -1.869686
140 -1.876175
141 -1.882648
142 -1.889104
143 -1.895545
144 -1.901969
145 -1.908378
146 -1.914771
147 -1.921149
148 -1.927512
149 -1.933860
150 -1.940194
151 -1.946514
152 -1.952820
153 -1.959111
154 -1.965389
155 -1.971654
156 -1.977905
157 -1.984143
158 -1.990368
159 -1.996580
160 -2.002780
161 -2.008967
162 -2.015141
163 -2.021304
164 -2.027454
165 -2.033593
166 -2.039720
167 -2.045835
168 -2.051939
169 -2.058031
170 -2.064112
171 -2.070182
172 -2.076241
173 -2.082289
174 -2.088327
175 -2.094353
176 -2.100369
177 -2.106375
178 -2.112370
179 -2.118355
180 -2.124329
181 -2.130294
182 -2.136248
183 -2.142193
184 -2.148127
185 -2.154052
186 -2.159966
187 -2.165872
188 -2.171767
189 -2.177653
190 -2.183530
191 -2.189397
192 -2.195254
193 -2.201102
194 -2.206941
195 -2.212771
196 -2.218591
197 -2.224403
198 -2.230205
199 -2.235998
200 -2.241782
201 -2.247557
202 -2.253323
203 -2.259080
204 -2.264828
205 -2.270567
206 -2.276297
207 -2.282019
208 -2.287731
209 -2.293435
210 -2.299130
211 -2.304816
212 -2.310493
213 -2.316162
214 -2.321822
215 -2.327473
216 -2.333115
217 -2.338749
218 -2.344374
219 -2.349990
220 -2.355597
221 -2.361196
222 -2.366786
223 -2.372367
224 -2.377940
225 -2.383503
226 -2.389058
227 -2.394605
228 -2.400142
229 -2.405671
230 -2.411191
231 -2.416702
232 -2.422204
233 -2.427698
234 -2.433182
235 -2.438658
236 -2.444125
237 -2.449583
238 -2.455032
239 -2.460472
240 -2.465903
241 -2.471325
242 -2.476739
243 -2.482143
244 -2.487538
245 -2.492924
246 -2.498301
247 -2.503669
248 -2.509028
249 -2.514377
250 -2.519717
251 -2.525048
252 -2.530370
253 -2.535683
254 -2.540986
255 -2.546280
256 -2.551564
257 -2.556839
258 -2.562104
259 -2.567360
260 -2.572607
261 -2.577844
262 -2.583071
263 -2.588289
264 -2.593497
265 -2.598695
266 -2.603883
267 -2.609062
268 -2.614231
269 -2.619390
270 -2.624539
271 -2.629678
272 -2.634807
273 -2.639927
274 -2.645036
275 -2.650135
276 -2.655224
277 -2.660302
278 -2.665371
279 -2.670429
280 -2.675477
281 -2.680514
282 -2.685541
283 -2.690558
284 -2.695564
285 -2.700560
286 -2.705545
287 -2.710520
288 -2.715483
289 -2.720437
290 -2.725379
291 -2.730311
292 -2.735232
293 -2.740142
294 -2.745041
295 -2.749929
296 -2.754806
297 -2.759673
298 -2.764528
299 -2.769372
300 -2.774205
301 -2.779026
302 -2.783837
303 -2.788636
304 -2.793424
305 -2.798201
306 -2.802966
307 -2.807719
308 -2.812462
309 -2.817192
310 -2.821911
311 -2.826619
312 -2.831315
313 -2.835999
314 -2.840672
315 -2.845332
316 -2.849981
317 -2.854619
318 -2.859244
319 -2.863857
320 -2.868459
321 -2.873048
322 -2.877625
323 -2.882191
324 -2.886744
325 -2.891285
326 -2.895814
327 -2.900331
328 -2.904836
329 -2.909328
330 -2.913808
331 -2.918276
332 -2.922731
333 -2.927174
334 -2.931605
335 -2.936023
336 -2.940428
337 -2.944822
338 -2.949202
339 -2.953570
340 -2.957926
341 -2.962268
342 -2.966599
343 -2.970916
344 -2.975221
345 -2.979513
346 -2.983792
347 -2.988059
348 -2.992313
349 -2.996553
350 -3.000782
351 -3.004997
352 -3.009199
353 -3.013389
354 -3.017565
355 -3.021729
356 -3.025879
357 -3.030017
358 -3.034142
359 -3.038254
360 -3.042352
361 -3.046438
362 -3.050510
363 -3.054570
364 -3.058616
365 -3.062650
366 -3.066670
367 -3.070677
368 -3.074671
369 -3.078652
370 -3.082620
371 -3.086575
372 -3.090516
373 -3.094445
374 -3.098360
375 -3.102262
376 -3.106151
377 -3.110027
378 -3.113889
379 -3.117739
380 -3.121575
381 -3.125398
382 -3.129208
383 -3.133004
384 -3.136788
385 -3.140558
386 -3.144316
387 -3.148060
388 -3.151791
389 -3.155509
390 -3.159213
391 -3.162905
392 -3.166583
393 -3.170249
394 -3.173901
395 -3.177540
396 -3.181166
397 -3.184779
398 -3.188380
399 -3.191967
400 -3.195541
401 -3.199102
402 -3.202650
403 -3.206185
404 -3.209707
405 -3.213216
406 -3.216712
407 -3.220195
408 -3.223666
409 -3.227124
410 -3.230568
411 -3.234000
412 -3.237420
413 -3.240826
414 -3.244220
415 -3.247601
416 -3.250969
417 -3.254325
418 -3.257668
419 -3.260999
420 -3.264317
421 -3.267622
422 -3.270915
423 -3.274195
424 -3.277463
425 -3.280719
426 -3.283962
427 -3.287193
428 -3.290411
429 -3.293618
430 -3.296812
431 -3.299994
432 -3.303163
433 -3.306321
434 -3.309466
435 -3.312599
436 -3.315721
437 -3.318830
438 -3.321927
439 -3.325013
440 -3.328086
441 -3.331148
442 -3.334198
443 -3.337237
444 -3.340263
445 -3.343278
446 -3.346281
447 -3.349273
448 -3.352253
449 -3.355222
450 -3.358180
451 -3.361125
452 -3.364060
453 -3.366983
454 -3.369889
455 -3.372709
456 -3.375518
457 -3.378316
458 -3.381103
459 -3.383880
460 -3.386646
461 -3.389402
462 -3.392147
463 -3.394882
464 -3.397606
465 -3.400320
466 -3.403024
467 -3.405717
468 -3.408401
469 -3.411074
470 -3.413737
471 -3.416390
472 -3.419033
473 -3.421666
474 -3.424290
475 -3.426903
476 -3.429507
477 -3.432101
478 -3.434686
479 -3.437261
480 -3.439826
481 -3.442382
482 -3.444928
483 -3.447466
484 -3.449993
485 -3.452512
486 -3.454996
487 -3.457416
488 -3.459828
489 -3.462231
490 -3.464626
491 -3.467012
492 -3.469390
493 -3.471759
494 -3.474120
495 -3.476473
496 -3.478818
497 -3.481155
498 -3.483484
499 -3.485805
500 -3.488118
501 -3.490422
502 -3.492720
503 -3.495009
504 -3.497291
505 -3.499565
506 -3.501831
507 -3.504090
508 -3.506342
509 -3.508586
510 -3.510822
511 -3.513051
512 -3.515273
513 -3.517488
514 -3.519655
515 -3.521780
516 -3.523899
517 -3.526012
518 -3.528118
519 -3.530218
520 -3.532311
521 -3.534399
522 -3.536480
523 -3.538555
524 -3.540623
525 -3.542686
526 -3.544743
527 -3.546794
528 -3.548839
529 -3.550878
530 -3.552911
531 -3.554938
532 -3.556960
533 -3.558976
534 -3.560987
535 -3.562992
536 -3.564991
537 -3.566985
538 -3.568974
539 -3.570957
540 -3.572886
541 -3.574791
542 -3.576691
543 -3.578587
544 -3.580478
545 -3.582364
546 -3.584246
547 -3.586123
548 -3.587996
549 -3.589865
550 -3.591729
551 -3.593589
552 -3.595445
553 -3.597296
554 -3.599143
555 -3.600987
556 -3.602826
557 -3.604661
558 -3.606491
559 -3.608318
560 -3.610141
561 -3.611960
562 -3.613775
563 -3.615586
564 -3.617394
565 -3.619177
566 -3.620918
567 -3.622656
568 -3.624390
569 -3.626122
570 -3.627850
571 -3.629575
572 -3.631298
573 -3.633017
574 -3.634733
575 -3.636447
576 -3.638157
577 -3.639865
578 -3.641569
579 -3.643271
580 -3.644970
581 -3.646667
582 -3.648360
583 -3.650051
584 -3.651740
585 -3.653425
586 -3.655108
587 -3.656788
588 -3.658466
589 -3.660141
590 -3.661814
591 -3.663484
592 -3.665106
593 -3.666722
594 -3.668337
595 -3.669949
596 -3.671560
597 -3.673169
598 -3.674776
599 -3.676381
600 -3.677984
601 -3.679585
602 -3.681185
603 -3.682782
604 -3.684378
605 -3.685973
606 -3.687565
607 -3.689156
608 -3.690745
609 -3.692333
610 -3.693919
611 -3.695503
612 -3.697086
613 -3.698667
614 -3.700246
615 -3.701824
616 -3.703400
617 -3.704975
618 -3.706549
619 -3.708120
620 -3.709691
621 -3.711241
622 -3.712770
623 -3.714297
624 -3.715824
625 -3.717350
626 -3.718875
627 -3.720399
628 -3.721921
629 -3.723443
630 -3.724964
631 -3.726484
632 -3.728003
633 -3.729521
634 -3.731038
635 -3.732554
636 -3.734069
637 -3.735583
638 -3.737097
639 -3.738609
640 -3.740121
641 -3.741632
642 -3.743142
643 -3.744651
644 -3.746159
645 -3.747667
646 -3.749174
647 -3.750680
648 -3.752185
649 -3.753689
650 -3.755192
651 -3.756695
652 -3.758197
653 -3.759698
654 -3.761199
655 -3.762699
656 -3.764198
657 -3.765687
658 -3.767157
659 -3.768627
660 -3.770096
661 -3.771565
662 -3.773033
663 -3.774501
664 -3.775969
665 -3.777436
666 -3.778903
667 -3.780370
668 -3.781836
669 -3.783302
670 -3.784767
671 -3.786232
672 -3.787697
673 -3.789161
674 -3.790625
675 -3.792088
676 -3.793552
677 -3.795015
678 -3.796477
679 -3.797939
680 -3.799401
681 -3.800863
682 -3.802324
683 -3.803785
684 -3.805246
685 -3.806706
686 -3.808166
687 -3.809626
688 -3.811085
689 -3.812544
690 -3.814003
691 -3.815461
692 -3.816920
693 -3.818378
694 -3.819835
695 -3.821293
696 -3.822750
697 -3.824207
698 -3.825663
699 -3.827119
700 -3.828576
701 -3.830031
702 -3.831487
703 -3.832942
704 -3.834397
705 -3.835852
706 -3.837306
707 -3.838761
708 -3.840215
709 -3.841668
710 -3.843105
711 -3.844543
712 -3.845980
713 -3.847417
714 -3.848854
715 -3.850292
716 -3.851729
717 -3.853166
718 -3.854603
719 -3.856039
720 -3.857476
721 -3.858913
722 -3.860350
723 -3.861786
724 -3.863223
725 -3.864660
726 -3.866096
727 -3.867533
728 -3.868969
729 -3.870406
730 -3.871842
731 -3.873278
732 -3.874714
733 -3.876151
734 -3.877587
735 -3.879023
736 -3.880459
737 -3.881895
738 -3.883331
739 -3.884767
740 -3.886203
741 -3.887639
742 -3.889074
743 -3.890510
744 -3.891946
745 -3.893382
746 -3.894817
747 -3.896253
748 -3.897689
749 -3.899124
750 -3.900560
751 -3.901995
752 -3.903431
753 -3.904866
754 -3.906301
755 -3.907737
756 -3.909172
757 -3.910607
758 -3.912042
759 -3.913478
760 -3.914913
761 -3.916348
762 -3.917783
763 -3.919218
764 -3.920653
765 -3.922088
766 -3.923523
767 -3.924958
768 -3.926393
769 -3.927828
770 -3.929263
771 -3.930697
772 -3.932132
773 -3.933567
774 -3.935002
775 -3.936437
776 -3.937871
777 -3.939306
778 -3.940740
779 -3.942175
780 -3.943610
781 -3.945044
782 -3.946479
783 -3.947913
784 -3.949348
785 -3.950782
786 -3.952217
787 -3.953651
788 -3.955085
789 -3.956520
790 -3.957954
791 -3.959388
792 -3.960823
793 -3.962257
794 -3.963691
795 -3.965125
796 -3.966560
797 -3.967994
798 -3.969428
799 -3.970862
800 -3.972296
801 -3.973730
802 -3.975164
803 -3.976598
804 -3.978033
805 -3.979467
806 -3.980901
807 -3.982335
808 -3.983768
809 -3.985202
810 -3.986636
811 -3.988070
812 -3.989504
813 -3.990938
814 -3.992372
815 -3.993806
816 -3.995240
817 -3.996673
818 -3.998107
819 -3.999541
820 -4.000975
821 -4.002408
822 -4.003842
823 -4.005276
824 -4.006710
825 -4.008143
826 -4.009577
827 -4.011008
828 -4.012437
829 -4.013866
830 -4.015295
831 -4.016725
832 -4.018154
833 -4.019583
834 -4.021012
835 -4.022442
836 -4.023871
837 -4.025301
838 -4.026730
839 -4.028160
840 -4.029589
841 -4.031019
842 -4.032448
843 -4.033878
844 -4.035307
845 -4.036737
846 -4.038167
847 -4.039596
848 -4.041026
849 -4.042456
850 -4.043886
851 -4.045315
852 -4.046745
853 -4.048175
854 -4.049605
855 -4.051035
856 -4.052465
857 -4.053895
858 -4.055325
859 -4.056755
860 -4.058185
861 -4.059615
862 -4.061045
863 -4.062475
864 -4.063906
865 -4.065336
866 -4.066766
867 -4.068196
868 -4.069626
869 -4.071057
870 -4.072487
871 -4.073917
872 -4.075348
873 -4.076778
874 -4.078208
875 -4.079639
876 -4.081069
877 -4.082500
878 -4.083930
879 -4.085360
880 -4.086791
881 -4.088222
882 -4.089652
883 -4.091083
884 -4.092513
885 -4.093944
886 -4.095374
887 -4.096805
888 -4.098236
889 -4.099666
890 -4.101097
891 -4.102528
892 -4.103959
893 -4.105389
894 -4.106820
895 -4.108251
896 -4.109682
897 -4.111112
898 -4.112543
899 -4.113974
900 -4.115405
901 -4.116836
902 -4.118267
903 -4.119698
904 -4.121129
905 -4.122559
906 -4.123990
907 -4.125421
908 -4.126852
909 -4.128283
910 -4.129714
911 -4.131145
912 -4.132577
913 -4.134008
914 -4.135439
915 -4.136870
916 -4.138301
917 -4.139732
918 -4.141163
919 -4.142594
920 -4.144025
921 -4.145457
922 -4.146888
923 -4.148319
924 -4.149750
925 -4.151181
926 -4.152613
927 -4.154044
928 -4.155475
929 -4.156906
930 -4.158338
931 -4.159769
932 -4.161200
933 -4.162632
934 -4.164063
935 -4.165494
936 -4.166926
937 -4.168357
938 -4.169788
939 -4.171220
940 -4.172651
941 -4.174082
942 -4.175514
943 -4.176945
944 -4.178377
945 -4.179808
946 -4.181240
947 -4.182671
948 -4.184102
949 -4.185534
950 -4.186965
951 -4.188397
952 -4.189828
953 -4.191260
954 -4.192692
955 -4.194123
956 -4.195555
957 -4.196986
958 -4.198418
959 -4.199849
960 -4.201281
961 -4.202712
962 -4.204144
963 -4.205576
964 -4.207007
965 -4.208439
966 -4.209871
967 -4.211302
968 -4.212734
969 -4.214165
970 -4.215597
971 -4.217029
972 -4.218460
973 -4.219892
974 -4.221324
975 -4.222756
976 -4.224187
977 -4.225619
978 -4.227051
979 -4.228482
980 -4.229914
981 -4.231346
982 -4.232778
983 -4.234209
984 -4.235641
985 -4.237073
986 -4.238505
987 -4.239936
988 -4.241368
989 -4.242800
990 -4.244232
991 -4.245664
992 -4.247095
993 -4.248527
994 -4.249959
995 -4.251391
996 -4.252823
997 -4.254255
998 -4.255686
999 -4.257118
1000 -4.258550
1001 -4.259982
1002 -4.261414
1003 -4.262846
1004 -4.264278
1005 -4.265710
1006 -4.267141
1007 -4.268573
1008 -4.270005
1009 -4.271437
1010 -4.272869
1011 -4.274301
1012 -4.275733
1013 -4.277165
1014 -4.278597
1015 -4.280029
1016 -4.281461
1017 -4.282893
1018 -4.284325
1019 -4.285756
1020 -4.287188
1021 -4.288620
1022 -4.290052
1023 -4.291484
1024 -4.292916
1025 -4.294348
1026 -4.295780
1027 -4.297212
1028 -4.298644
1029 -4.300076
1030 -4.301508
1031 -4.302940
1032 -4.304372
1033 -4.305804
1034 -4.307236
1035 -4.308668
1036 -4.310100
1037 -4.311532
1038 -4.312964
1039 -4.314396
1040 -4.315828
1041 -4.317261
1042 -4.318693
1043 -4.320125
1044 -4.321557
1045 -4.322989
1046 -4.324421
1047 -4.325853
1048 -4.327285
1049 -4.328717
1050 -4.330149
1051 -4.331581
1052 -4.333013
1053 -4.334445
1054 -4.335877
1055 -4.337309
1056 -4.338742
1057 -4.340174
1058 -4.341606
1059 -4.343038
1060 -4.344470
1061 -4.345902
1062 -4.347334
1063 -4.348766
1064 -4.350198
1065 -4.351631
1066 -4.353063
1067 -4.354495
1068 -4.355927
1069 -4.357359
1070 -4.358791
1071 -4.360223
1072 -4.361655
1073 -4.363088
1074 -4.364520
1075 -4.365952
1076 -4.367384
1077 -4.368816
1078 -4.370248
1079 -4.371681
1080 -4.373113
1081 -4.374545
1082 -4.375977
1083 -4.377409
1084 -4.378841
1085 -4.380273
1086 -4.381706
1087 -4.383138
1088 -4.384570
1089 -4.386002
1090 -4.387434
1091 -4.388867
1092 -4.390299
1093 -4.391731
1094 -4.393163
1095 -4.394595
1096 -4.396027
1097 -4.397460
1098 -4.398892
1099 -4.400324
1100 -4.401756
1101 -4.403188
1102 -4.404621
1103 -4.406053
1104 -4.407485
1105 -4.408917
1106 -4.410350
1107 -4.411782
1108 -4.413214
1109 -4.414646
1110 -4.416078
1111 -4.417511
1112 -4.418943
1113 -4.420375
1114 -4.421807
1115 -4.423239
1116 -4.424672
1117 -4.426104
1118 -4.427536
1119 -4.428968
1120 -4.430401
1121 -4.431833
1122 -4.433265
1123 -4.434697
1124 -4.436130
1125 -4.437562
1126 -4.438994
1127 -4.440426
1128 -4.441859
1129 -4.443291
1130 -4.444723
1131 -4.446155
1132 -4.447588
1133 -4.449020
1134 -4.450452
1135 -4.451884
1136 -4.453317
1137 -4.454749
1138 -4.456181
1139 -4.457613
1140 -4.459046
1141 -4.460478
1142 -4.461910
1143 -4.463342
1144 -4.464775
1145 -4.466207
1146 -4.467639
1147 -4.469071
1148 -4.470504
1149 -4.471936
1150 -4.473368
1151 -4.474801
1152 -4.476233
1153 -4.477665
1154 -4.479097
1155 -4.480530
1156 -4.481962
1157 -4.483394
1158 -4.484827
1159 -4.486259
1160 -4.487691
1161 -4.489123
1162 -4.490556
1163 -4.491988
1164 -4.493420
1165 -4.494853
1166 -4.496285
1167 -4.497717
1168 -4.499149
1169 -4.500582
1170 -4.502014
1171 -4.503446
1172 -4.504879
1173 -4.506311
1174 -4.507743
1175 -4.509175
1176 -4.510608
1177 -4.512040
1178 -4.513472
1179 -4.514905
1180 -4.516337
1181 -4.517769
1182 -4.519202
1183 -4.520634
1184 -4.522066
1185 -4.523498
1186 -4.524931
1187 -4.526363
1188 -4.527795
1189 -4.529228
1190 -4.530660
1191 -4.532092
1192 -4.533525
1193 -4.534957
1194 -4.536389
1195 -4.537822
1196 -4.539254
1197 -4.540686
1198 -4.542119
1199 -4.543551
1200 -4.544983
1201 -4.546415
1202 -4.547848
1203 -4.549280
1204 -4.550712
1205 -4.552145
1206 -4.553577
1207 -4.555009
1208 -4.556442
1209 -4.557874
1210 -4.559306
1211 -4.560739
1212 -4.562171
1213 -4.563603
1214 -4.565036
1215 -4.566468
1216 -4.567900
1217 -4.569333
1218 -4.570765
1219 -4.572197
1220 -4.573630
1221 -4.575062
1222 -4.576494
1223 -4.577927
1224 -4.579359
1225 -4.580791
1226 -4.582224
1227 -4.583656
1228 -4.585088
1229 -4.586521
1230 -4.587953
1231 -4.589385
1232 -4.590818
1233 -4.592250
1234 -4.593682
1235 -4.595115
1236 -4.596547
1237 -4.597979
1238 -4.599412
1239 -4.600844
1240 -4.602276
1241 -4.603709
1242 -4.605141
1243 -4.606573
1244 -4.608006
1245 -4.609438
1246 -4.610870
1247 -4.612303
1248 -4.613735
1249 -4.615167
1250 -4.616600
1251 -4.618032
1252 -4.619464
1253 -4.620897
1254 -4.622329
1255 -4.623761
1256 -4.625194
1257 -4.626626
1258 -4.628058
1259 -4.629491
1260 -4.630923
1261 -4.632355
1262 -4.633788
1263 -4.635220
1264 -4.636652
1265 -4.638085
1266 -4.639517
1267 -4.640950
1268 -4.642382
1269 -4.643814
1270 -4.645247
1271 -4.646679
1272 -4.648111
1273 -4.649544
1274 -4.650976
1275 -4.652408
1276 -4.653841
1277 -4.655273
1278 -4.656705
1279 -4.658138
1280 -4.659570
1281 -4.661002
1282 -4.662435
1283 -4.663867
1284 -4.665299
1285 -4.666732
1286 -4.668164
1287 -4.669597
1288 -4.671029
1289 -4.672461
1290 -4.673894
1291 -4.675326
1292 -4.676758
1293 -4.678191
1294 -4.679623
1295 -4.681055
1296 -4.682488
1297 -4.683920
1298 -4.685352
1299 -4.686785
1300 -4.688217
1301 -4.689650
1302 -4.691082
1303 -4.692514
1304 -4.693947
1305 -4.695379
1306 -4.696811
1307 -4.698244
1308 -4.699676
1309 -4.701108
1310 -4.702541
1311 -4.703973
1312 -4.705405
1313 -4.706838
1314 -4.708270
1315 -4.709703
1316 -4.711135
1317 -4.712567
1318 -4.714000
1319 -4.715432
1320 -4.716864
1321 -4.718297
1322 -4.719729
1323 -4.721161
1324 -4.722594
1325 -4.724026
1326 -4.725458
1327 -4.726891
1328 -4.728323
1329 -4.729756
1330 -4.731188
1331 -4.732620
1332 -4.734053
1333 -4.735485
1334 -4.736917
1335 -4.738350
1336 -4.739782
1337 -4.741214
1338 -4.742647
1339 -4.744079
1340 -4.745512
1341 -4.746944
1342 -4.748376
1343 -4.749809
1344 -4.751241
1345 -4.752673
1346 -4.754106
1347 -4.755538
1348 -4.756970
1349 -4.758403
1350 -4.759835
1351 -4.761268
1352 -4.762700
1353 -4.764132
1354 -4.765565
1355 -4.766997
1356 -4.768429
1357 -4.769862
1358 -4.771294
1359 -4.772726
1360 -4.774159
1361 -4.775591
1362 -4.777024
1363 -4.778456
1364 -4.779888
1365 -4.781321
1366 -4.782753
1367 -4.784185
1368 -4.785618
1369 -4.787050
1370 -4.788482
1371 -4.789915
1372 -4.791347
1373 -4.792780
1374 -4.794212
1375 -4.795644
1376 -4.797077
1377 -4.798509
1378 -4.799941
1379 -4.801374
1380 -4.802806
1381 -4.804239
1382 -4.805671
1383 -4.807103
1384 -4.808536
1385 -4.809968
1386 -4.811400
1387 -4.812833
1388 -4.814265
1389 -4.815697
1390 -4.817130
1391 -4.818562
1392 -4.819995
1393 -4.821427
1394 -4.822859
1395 -4.824292
1396 -4.825724
1397 -4.827156
1398 -4.828589
1399 -4.830021
1400 -4.831454
1401 -4.832886
1402 -4.834318
1403 -4.835751
1404 -4.837183
1405 -4.838615
1406 -4.840048
1407 -4.841480
1408 -4.842913
1409 -4.844345
1410 -4.845777
1411 -4.847210
1412 -4.848642
1413 -4.850074
1414 -4.851507
1415 -4.852939
1416 -4.854371
1417 -4.855804
1418 -4.857236
1419 -4.858669
1420 -4.860101
1421 -4.861533
1422 -4.862966
1423 -4.864398
1424 -4.865830
1425 -4.867263
1426 -4.868695
1427 -4.870128
1428 -4.871560
1429 -4.872992
1430 -4.874425
1431 -4.875857
1432 -4.877289
1433 -4.878722
1434 -4.880154
1435 -4.881587
1436 -4.883019
1437 -4.884451
1438 -4.885884
1439 -4.887316
1440 -4.888748
1441 -4.890181
1442 -4.891613
1443 -4.893045
1444 -4.894478
1445 -4.895910
1446 -4.897343
1447 -4.898775
1448 -4.900207
1449 -4.901640
1450 -4.903072
1451 -4.904504
1452 -4.905937
1453 -4.907369
1454 -4.908802
1455 -4.910234
1456 -4.911666
1457 -4.913099
1458 -4.914531
1459 -4.915963
1460 -4.917396
1461 -4.918828
1462 -4.920261
1463 -4.921693
1464 -4.923125
1465 -4.924558
1466 -4.925990
1467 -4.927422
1468 -4.928855
1469 -4.930287
1470 -4.931720
1471 -4.933152
1472 -4.934584
1473 -4.936017
1474 -4.937449
1475 -4.938881
1476 -4.940314
1477 -4.941746
1478 -4.943179
1479 -4.944611
1480 -4.946043
1481 -4.947476
1482 -4.948908
1483 -4.950340
1484 -4.951773
1485 -4.953205
1486 -4.954638
1487 -4.956070
1488 -4.957502
1489 -4.958935
1490 -4.960367
1491 -4.961799
1492 -4.963232
1493 -4.964664
1494 -4.966097
1495 -4.967529
1496 -4.968961
1497 -4.970394
1498 -4.971826
1499 -4.973258
1500 -4.974691
1501 -4.976123
1502 -4.977556
1503 -4.978988
1504 -4.980420
1505 -4.981853
1506 -4.983285
1507 -4.984717
1508 -4.986150
1509 -4.987582
1510 -4.989014
1511 -4.990447
1512 -4.991879
1513 -4.993312
1514 -4.994744
1515 -4.996176
1516 -4.997609
1517 -4.999041
1518 -5.000473
1519 -5.001906
1520 -5.003338
1521 -5.004771
1522 -5.006203
1523 -5.007635
1524 -5.009068
1525 -5.010500
1526 -5.011932
1527 -5.013365
1528 -5.014797
1529 -5.016230
1530 -5.017662
1531 -5.019094
1532 -5.020527
1533 -5.021959
1534 -5.023391
1535 -5.024824
1536 -5.026256
1537 -5.027689
1538 -5.029121
1539 -5.030553
1540 -5.031986
1541 -5.033418
1542 -5.034850
1543 -5.036283
1544 -5.037715
1545 -5.039148
1546 -5.040580
1547 -5.042012
1548 -5.043445
1549 -5.044877
1550 -5.046309
1551 -5.047742
1552 -5.049174
1553 -5.050607
1554 -5.052039
1555 -5.053471
1556 -5.054904
1557 -5.056336
1558 -5.057768
1559 -5.059201
1560 -5.060633
1561 -5.062066
1562 -5.063498
1563 -5.064930
1564 -5.066363
1565 -5.067795
1566 -5.069227
1567 -5.070660
1568 -5.072092
1569 -5.073525
1570 -5.074957
1571 -5.076389
1572 -5.077822
1573 -5.079254
1574 -5.080686
1575 -5.082119
1576 -5.083551
1577 -5.084984
1578 -5.086416
1579 -5.087848
1580 -5.089281
1581 -5.090713
1582 -5.092145
1583 -5.093578
1584 -5.095010
1585 -5.096443
1586 -5.097875
1587 -5.099307
1588 -5.100740
1589 -5.102172
1590 -5.103604
1591 -5.105037
1592 -5.106469
1593 -5.107902
1594 -5.109334
1595 -5.110766
1596 -5.112199
1597 -5.113631
1598 -5.115063
1599 -5.116496
1600 -5.117928
1601 -5.119361
1602 -5.120793
1603 -5.122225
1604 -5.123658
1605 -5.125090
1606 -5.126522
1607 -5.127955
1608 -5.129387
1609 -5.130820
1610 -5.132252
1611 -5.133684
1612 -5.135117
1613 -5.136549
1614 -5.137982
1615 -5.139414
1616 -5.140846
1617 -5.142279
1618 -5.143711
1619 -5.145143
1620 -5.146576
1621 -5.148008
1622 -5.149441
1623 -5.150873
1624 -5.152305
1625 -5.153738
1626 -5.155170
1627 -5.156602
1628 -5.158035
1629 -5.159467
1630 -5.160900
1631 -5.162332
1632 -5.163764
1633 -5.165197
1634 -5.166629
1635 -5.168061
1636 -5.169494
1637 -5.170926
1638 -5.172359
1639 -5.173791
1640 -5.175223
1641 -5.176656
1642 -5.178088
1643 -5.179520
1644 -5.180953
1645 -5.182385
1646 -5.183818
1647 -5.185250
1648 -5.186682
1649 -5.188115
1650 -5.189547
1651 -5.190979
1652 -5.192412
1653 -5.193844
1654 -5.195277
1655 -5.196709
1656 -5.198141
1657 -5.199574
1658 -5.201006
1659 -5.202438
1660 -5.203871
1661 -5.205303
1662 -5.206736
1663 -5.208168
1664 -5.209600
1665 -5.211033
1666 -5.212465
1667 -5.213897
1668 -5.215330
1669 -5.216762
1670 -5.218195
1671 -5.219627
1672 -5.221059
1673 -5.222492
1674 -5.223924
1675 -5.225356
1676 -5.226789
1677 -5.228221
1678 -5.229654
1679 -5.231086
1680 -5.232518
1681 -5.233951
1682 -5.235383
1683 -5.236815
1684 -5.238248
1685 -5.239680
1686 -5.241113
1687 -5.242545
1688 -5.243977
1689 -5.245410
1690 -5.246842
1691 -5.248274
1692 -5.249707
1693 -5.251139
1694 -5.252572
1695 -5.254004
1696 -5.255436
1697 -5.256869
1698 -5.258301
1699 -5.259733
1700 -5.261166
1701 -5.262598
1702 -5.264031
1703 -5.265463
1704 -5.266895
1705 -5.268328
1706 -5.269760
1707 -5.271192
1708 -5.272625
1709 -5.274057
1710 -5.275490
1711 -5.276922
1712 -5.278354
1713 -5.279787
1714 -5.281219
1715 -5.282651
1716 -5.284084
1717 -5.285516
1718 -5.286949
1719 -5.288381
1720 -5.289813
1721 -5.291246
1722 -5.292678
1723 -5.294110
1724 -5.295543
1725 -5.296975
1726 -5.298408
1727 -5.299840
1728 -5.301272
1729 -5.302705
1730 -5.304137
1731 -5.305569
1732 -5.307002
1733 -5.308434
1734 -5.309867
1735 -5.311299
1736 -5.312731
1737 -5.314164
1738 -5.315596
1739 -5.317028
1740 -5.318461
1741 -5.319893
1742 -5.321326
1743 -5.322758
1744 -5.324190
1745 -5.325623
1746 -5.327055
1747 -5.328487
1748 -5.329920
1749 -5.331352
1750 -5.332785
1751 -5.334217
1752 -5.335649
1753 -5.337082
1754 -5.338514
1755 -5.339947
1756 -5.341379
1757 -5.342811
1758 -5.344244
1759 -5.345676
1760 -5.347108
1761 -5.348541
1762 -5.349973
1763 -5.351406
1764 -5.352838
1765 -5.354270
1766 -5.355703
1767 -5.357135
1768 -5.358567
1769 -5.360000
1770 -5.361432
1771 -5.362865
1772 -5.364297
1773 -5.365729
1774 -5.367162
1775 -5.368594
1776 -5.370026
1777 -5.371459
1778 -5.372891
1779 -5.374324
1780 -5.375756
1781 -5.377188
1782 -5.378621
1783 -5.380053
1784 -5.381485
1785 -5.382918
1786 -5.384350
1787 -5.385783
1788 -5.387215
1789 -5.388647
1790 -5.390080
1791 -5.391512
1792 -5.392944
1793 -5.394377
1794 -5.395809
1795 -5.397242
1796 -5.398674
1797 -5.400106
1798 -5.401539
1799 -5.402971
1800 -5.404403
1801 -5.405836
1802 -5.407268
1803 -5.408701
1804 -5.410133
1805 -5.411565
1806 -5.412998
1807 -5.414430
1808 -5.415862
1809 -5.417295
1810 -5.418727
1811 -5.420160
1812 -5.421592
1813 -5.423024
1814 -5.424457
1815 -5.425889
1816 -5.427321
1817 -5.428754
1818 -5.430186
1819 -5.431619
1820 -5.433051
1821 -5.434483
1822 -5.435916
1823 -5.437348
1824 -5.438780
1825 -5.440213
1826 -5.441645
1827 -5.443078
1828 -5.444510
1829 -5.445942
1830 -5.447375
1831 -5.448807
1832 -5.450239
1833 -5.451672
1834 -5.453104
1835 -5.454537
1836 -5.455969
1837 -5.457401
1838 -5.458834
1839 -5.460266
1840 -5.461698
1841 -5.463131
1842 -5.464563
1843 -5.465996
1844 -5.467428
1845 -5.468860
1846 -5.470293
1847 -5.471725
1848 -5.473157
1849 -5.474590
1850 -5.476022
1851 -5.477455
1852 -5.478887
1853 -5.480319
1854 -5.481752
1855 -5.483184
1856 -5.484616
1857 -5.486049
1858 -5.487481
1859 -5.488914
1860 -5.490346
1861 -5.491778
1862 -5.493211
1863 -5.494643
1864 -5.496076
1865 -5.497508
1866 -5.498940
1867 -5.500373
1868 -5.501805
1869 -5.503237
1870 -5.504670
1871 -5.506102
1872 -5.507535
1873 -5.508967
1874 -5.510399
1875 -5.511832
1876 -5.513264
1877 -5.514696
1878 -5.516129
1879 -5.517561
1880 -5.518994
1881 -5.520426
1882 -5.521858
1883 -5.523291
1884 -5.524723
1885 -5.526155
1886 -5.527588
1887 -5.529020
1888 -5.530453
1889 -5.531885
1890 -5.533317
1891 -5.534750
1892 -5.536182
1893 -5.537614
1894 -5.539047
1895 -5.540479
1896 -5.541912
1897 -5.543344
1898 -5.544776
1899 -5.546209
1900 -5.547641
1901 -5.549073
1902 -5.550506
1903 -5.551938
1904 -5.553371
1905 -5.554803
1906 -5.556235
1907 -5.557668
1908 -5.559100
1909 -5.560532
1910 -5.561965
1911 -5.563397
1912 -5.564830
1913 -5.566262
1914 -5.567694
1915 -5.569127
1916 -5.570559
1917 -5.571991
1918 -5.573424
1919 -5.574856
1920 -5.576289
1921 -5.577721
1922 -5.579153
1923 -5.580586
1924 -5.582018
1925 -5.583450
1926 -5.584883
1927 -5.586315
1928 -5.587748
1929 -5.589180
1930 -5.590612
1931 -5.592045
1932 -5.593477
1933 -5.594909
1934 -5.596342
1935 -5.597774
1936 -5.599207
1937 -5.600639
1938 -5.602071
1939 -5.603504
1940 -5.604936
1941 -5.606368
1942 -5.607801
1943 -5.609233
1944 -5.610666
1945 -5.612098
1946 -5.613530
1947 -5.614963
1948 -5.616395
1949 -5.617827
1950 -5.619260
1951 -5.620692
1952 -5.622125
1953 -5.623557
1954 -5.624989
1955 -5.626422
1956 -5.627854
1957 -5.629287
1958 -5.630719
1959 -5.632151
1960 -5.633584
1961 -5.635016
1962 -5.636448
1963 -5.637881
1964 -5.639313
1965 -5.640746
1966 -5.642178
1967 -5.643610
1968 -5.645043
1969 -5.646475
1970 -5.647907
1971 -5.649340
1972 -5.650772
1973 -5.652205
1974 -5.653637
1975 -5.655069
1976 -5.656502
1977 -5.657934
1978 -5.659366
1979 -5.660799
1980 -5.662231
1981 -5.663664
1982 -5.665096
1983 -5.666528
1984 -5.667961
1985 -5.669393
1986 -5.670825
1987 -5.672258
1988 -5.673690
1989 -5.675123
1990 -5.676555
1991 -5.677987
1992 -5.679420
1993 -5.680852
1994 -5.682284
1995 -5.683717
1996 -5.685149
1997 -5.686582
1998 -5.688014
1999 -5.689446
2000 -5.690879
2001 -5.692311
2002 -5.693743
2003 -5.695176
2004 -5.696608
2005 -5.698041
2006 -5.699473
2007 -5.700905
2008 -5.702338
2009 -5.703770
2010 -5.705202
2011 -5.706635
2012 -5.708067
2013 -5.709500
2014 -5.710932
2015 -5.712364
2016 -5.713797
2017 -5.715229
2018 -5.716661
2019 -5.718094
2020 -5.719526
2021 -5.720959
2022 -5.722391
2023 -5.723823
2024 -5.725256
2025 -5.726688
2026 -5.728120
2027 -5.729553
2028 -5.730985
2029 -5.732418
2030 -5.733850
2031 -5.735282
2032 -5.736715
2033 -5.738147
2034 -5.739579
2035 -5.741012
2036 -5.742444
2037 -5.743877
2038 -5.745309
2039 -5.746741
2040 -5.748174
2041 -5.749606
2042 -5.751038
2043 -5.752471
2044 -5.753903
2045 -5.755336
2046 -5.756768
2047 -5.758200
2048 -5.759633
2049 -5.761065
2050 -5.762497
2051 -5.763930
2052 -5.765362
2053 -5.766795
2054 -5.768227
2055 -5.769659
2056 -5.771092
2057 -5.772524
2058 -5.773956
2059 -5.775389
2060 -5.776821
2061 -5.778254
2062 -5.779686
2063 -5.781118
2064 -5.782551
2065 -5.783983
2066 -5.785416
2067 -5.786848
2068 -5.788280
2069 -5.789713
2070 -5.791145
2071 -5.792577
2072 -5.794010
2073 -5.795442
2074 -5.796875
2075 -5.798307
2076 -5.799739
2077 -5.801172
2078 -5.802604
2079 -5.804036
2080 -5.805469
2081 -5.806901
2082 -5.808334
2083 -5.809766
2084 -5.811198
2085 -5.812631
2086 -5.814063
2087 -5.815495
2088 -5.816928
2089 -5.818360
2090 -5.819793
2091 -5.821225
2092 -5.822657
2093 -5.824090
2094 -5.825522
2095 -5.826954
2096 -5.828387
2097 -5.829819
2098 -5.831252
2099 -5.832684
2100 -5.834116
2101 -5.835549
2102 -5.836981
2103 -5.838413
2104 -5.839846
2105 -5.841278
2106 -5.842711
2107 -5.844143
2108 -5.845575
2109 -5.847008
2110 -5.848440
2111 -5.849872
2112 -5.851305
2113 -5.852737
2114 -5.854170
2115 -5.855602
2116 -5.857034
2117 -5.858467
2118 -5.859899
2119 -5.861331
2120 -5.862764
2121 -5.864196
2122 -5.865629
2123 -5.867061
2124 -5.868493
2125 -5.869926
2126 -5.871358
2127 -5.872790
2128 -5.874223
2129 -5.875655
2130 -5.877088
2131 -5.878520
2132 -5.879952
2133 -5.881385
2134 -5.882817
2135 -5.884249
2136 -5.885682
2137 -5.887114
2138 -5.888547
2139 -5.889979
2140 -5.891411
2141 -5.892844
2142 -5.894276
2143 -5.895708
2144 -5.897141
2145 -5.898573
2146 -5.900006
2147 -5.901438
2148 -5.902870
2149 -5.904303
2150 -5.905735
2151 -5.907167
2152 -5.908600
2153 -5.910032
2154 -5.911465
2155 -5.912897
2156 -5.914329
2157 -5.915762
2158 -5.917194
2159 -5.918627
2160 -5.920059
2161 -5.921491
2162 -5.922924
2163 -5.924356
2164 -5.925788
2165 -5.927221
2166 -5.928653
2167 -5.930086
2168 -5.931518
2169 -5.932950
2170 -5.934383
2171 -5.935815
2172 -5.937247
2173 -5.938680
2174 -5.940112
2175 -5.941545
2176 -5.942977
2177 -5.944409
2178 -5.945842
2179 -5.947274
2180 -5.948706
2181 -5.950139
2182 -5.951571
2183 -5.953004
2184 -5.954436
2185 -5.955868
2186 -5.957301
2187 -5.958733
2188 -5.960165
2189 -5.961598
2190 -5.963030
2191 -5.964463
2192 -5.965895
2193 -5.967327
2194 -5.968760
2195 -5.970192
2196 -5.971624
2197 -5.973057
2198 -5.974489
2199 -5.975922
2200 -5.977354
2201 -5.978786
2202 -5.980219
2203 -5.981651
2204 -5.983083
2205 -5.984516
2206 -5.985948
2207 -5.987381
2208 -5.988813
2209 -5.990245
2210 -5.991678
2211 -5.993110
2212 -5.994542
2213 -5.995975
2214 -5.997407
2215 -5.998840
