1 0.249877
2 0.129740
3 -0.006498
4 -0.072237
5 -0.130771
6 -0.186740
7 -0.223317
8 -0.267354
9 -0.296823
10 -0.333168
11 -0.357950
12 -0.388946
13 -0.410387
14 -0.437460
15 -0.456405
16 -0.480493
17 -0.497506
18 -0.519252
19 -0.534732
20 -0.554597
21 -0.568831
22 -0.587156
23 -0.600358
24 -0.617401
25 -0.629736
26 -0.645699
27 -0.657297
28 -0.672338
29 -0.683302
30 -0.697547
31 -0.707960
32 -0.721515
33 -0.731446
34 -0.744394
35 -0.753900
36 -0.766314
37 -0.775442
38 -0.787380
39 -0.796170
40 -0.807684
41 -0.816169
42 -0.827300
43 -0.835510
44 -0.846296
45 -0.854255
46 -0.864728
47 -0.872456
48 -0.882643
49 -0.890161
50 -0.900084
51 -0.907407
52 -0.917089
53 -0.924231
54 -0.933690
55 -0.940663
56 -0.949915
57 -0.956730
58 -0.965621
59 -0.972456
60 -0.980386
61 -0.987864
62 -0.994865
63 -1.002971
64 -1.009075
65 -1.017253
66 -1.023032
67 -1.031075
68 -1.036751
69 -1.044666
70 -1.050243
71 -1.058039
72 -1.063522
73 -1.071204
74 -1.076597
75 -1.084172
76 -1.089478
77 -1.096952
78 -1.102175
79 -1.109552
80 -1.114694
81 -1.121979
82 -1.127045
83 -1.134242
84 -1.139233
85 -1.146347
86 -1.151265
87 -1.158300
88 -1.163148
89 -1.170106
90 -1.174886
91 -1.181771
92 -1.186485
93 -1.193301
94 -1.197950
95 -1.204699
96 -1.209285
97 -1.215970
98 -1.220495
99 -1.227118
100 -1.231584
101 -1.238148
102 -1.242555
103 -1.249063
104 -1.253412
105 -1.259866
106 -1.264160
107 -1.270561
108 -1.274800
109 -1.281150
110 -1.285336
111 -1.291638
112 -1.295771
113 -1.302027
114 -1.306108
115 -1.312319
116 -1.316350
117 -1.322518
118 -1.326499
119 -1.332625
120 -1.336557
121 -1.342644
122 -1.346527
123 -1.352576
124 -1.356412
125 -1.362424
126 -1.366213
127 -1.372189
128 -1.375933
129 -1.381875
130 -1.385573
131 -1.391482
132 -1.395136
133 -1.401014
134 -1.404624
135 -1.410471
136 -1.414037
137 -1.419856
138 -1.423379
139 -1.429170
140 -1.432651
141 -1.438415
142 -1.441854
143 -1.447592
144 -1.450990
145 -1.456703
146 -1.460060
147 -1.465751
148 -1.469067
149 -1.474735
150 -1.478011
151 -1.483657
152 -1.486894
153 -1.492520
154 -1.495718
155 -1.501324
156 -1.504483
157 -1.510070
158 -1.513191
159 -1.518760
160 -1.521843
161 -1.527396
162 -1.530440
163 -1.535977
164 -1.538984
165 -1.544506
166 -1.547476
167 -1.552984
168 -1.555917
169 -1.561411
170 -1.564307
171 -1.569789
172 -1.572649
173 -1.578119
174 -1.580943
175 -1.586402
176 -1.589190
177 -1.594639
178 -1.597391
179 -1.602830
180 -1.605547
181 -1.610978
182 -1.613659
183 -1.619082
184 -1.621728
185 -1.627144
186 -1.629755
187 -1.635164
188 -1.637741
189 -1.643144
190 -1.645686
191 -1.651084
192 -1.653592
193 -1.658985
194 -1.661458
195 -1.666848
196 -1.669287
197 -1.674674
198 -1.677079
199 -1.682463
200 -1.684834
201 -1.690216
202 -1.692554
203 -1.697935
204 -1.700239
205 -1.705619
206 -1.707889
207 -1.713270
208 -1.715506
209 -1.720887
210 -1.723090
211 -1.728473
212 -1.730642
213 -1.736027
214 -1.738163
215 -1.743550
216 -1.745653
217 -1.751043
218 -1.753112
219 -1.758506
220 -1.760542
221 -1.765940
222 -1.767943
223 -1.773346
224 -1.775315
225 -1.780724
226 -1.782660
227 -1.788074
228 -1.789977
229 -1.795398
230 -1.797267
231 -1.802696
232 -1.804532
233 -1.809969
234 -1.811771
235 -1.817216
236 -1.818984
237 -1.824438
238 -1.826173
239 -1.831637
240 -1.833338
241 -1.838812
242 -1.840480
243 -1.845964
244 -1.847598
245 -1.853093
246 -1.854693
247 -1.860201
248 -1.861767
249 -1.867286
250 -1.868818
251 -1.874351
252 -1.875849
253 -1.881394
254 -1.882858
255 -1.888417
256 -1.889847
257 -1.895421
258 -1.896816
259 -1.902405
260 -1.903765
261 -1.909369
262 -1.910695
263 -1.916316
264 -1.917606
265 -1.923243
266 -1.924499
267 -1.930153
268 -1.931374
269 -1.937045
270 -1.938231
271 -1.943921
272 -1.945070
273 -1.950779
274 -1.951893
275 -1.957621
276 -1.958699
277 -1.964446
278 -1.965488
279 -1.971256
280 -1.972262
281 -1.978051
282 -1.979020
283 -1.984830
284 -1.985763
285 -1.991595
286 -1.992490
287 -1.998345
288 -1.999203
289 -2.005081
290 -2.005902
291 -2.011803
292 -2.012586
293 -2.018511
294 -2.019257
295 -2.025206
296 -2.025914
297 -2.031888
298 -2.032558
299 -2.038558
300 -2.039188
301 -2.045215
302 -2.045806
303 -2.051859
304 -2.052412
305 -2.058492
306 -2.059005
307 -2.065113
308 -2.065586
309 -2.071723
310 -2.072156
311 -2.078321
312 -2.078714
313 -2.084909
314 -2.085261
315 -2.091486
316 -2.091797
317 -2.098052
318 -2.098322
319 -2.104608
320 -2.104836
321 -2.111154
322 -2.111340
323 -2.117691
324 -2.117834
325 -2.124217
326 -2.124318
327 -2.130735
328 -2.130792
329 -2.137243
330 -2.137257
331 -2.143742
332 -2.143712
333 -2.150232
334 -2.150158
335 -2.156714
336 -2.156596
337 -2.163188
338 -2.163024
339 -2.169653
340 -2.169444
341 -2.176110
342 -2.175855
343 -2.182559
344 -2.182258
345 -2.189001
346 -2.188653
347 -2.195435
348 -2.195040
349 -2.201862
350 -2.201419
351 -2.208282
352 -2.207791
353 -2.214694
354 -2.214155
355 -2.221100
356 -2.220512
357 -2.227499
358 -2.226861
359 -2.233892
360 -2.233204
361 -2.240278
362 -2.239540
363 -2.246658
364 -2.245869
365 -2.253031
366 -2.252191
367 -2.259399
368 -2.258507
369 -2.265761
370 -2.264817
371 -2.272118
372 -2.271120
373 -2.278468
374 -2.277417
375 -2.284814
376 -2.283708
377 -2.291154
378 -2.289994
379 -2.297489
380 -2.296273
381 -2.303818
382 -2.302547
383 -2.310143
384 -2.308816
385 -2.316463
386 -2.315079
387 -2.322778
388 -2.321337
389 -2.329089
390 -2.327589
391 -2.335395
392 -2.333837
393 -2.341697
394 -2.340079
395 -2.347995
396 -2.346316
397 -2.354288
398 -2.352549
399 -2.360577
400 -2.358777
401 -2.366863
402 -2.365000
403 -2.373144
404 -2.371219
405 -2.379422
406 -2.377434
407 -2.385696
408 -2.383644
409 -2.391966
410 -2.389849
411 -2.398233
412 -2.396051
413 -2.404496
414 -2.402248
415 -2.410756
416 -2.408441
417 -2.417013
418 -2.414631
419 -2.423267
420 -2.420816
421 -2.429518
422 -2.426998
423 -2.435765
424 -2.433175
425 -2.442010
426 -2.439349
427 -2.448252
428 -2.445520
429 -2.454491
430 -2.451687
431 -2.460728
432 -2.457850
433 -2.466961
434 -2.464010
435 -2.473193
436 -2.470167
437 -2.479421
438 -2.476320
439 -2.485648
440 -2.482470
441 -2.491872
442 -2.488617
443 -2.498094
444 -2.494760
445 -2.504313
446 -2.500901
447 -2.510531
448 -2.507038
449 -2.516746
450 -2.513173
451 -2.522959
452 -2.519304
453 -2.529171
454 -2.525433
455 -2.535380
456 -2.531559
457 -2.541588
458 -2.537682
459 -2.547793
460 -2.543802
461 -2.553997
462 -2.549920
463 -2.560200
464 -2.556035
465 -2.566401
466 -2.562147
467 -2.572600
468 -2.568256
469 -2.578797
470 -2.574364
471 -2.584994
472 -2.580468
473 -2.591188
474 -2.586570
475 -2.597382
476 -2.592670
477 -2.603574
478 -2.598767
479 -2.609765
480 -2.604862
481 -2.615954
482 -2.610955
483 -2.622143
484 -2.617045
485 -2.628330
486 -2.623133
487 -2.634516
488 -2.629218
489 -2.640701
490 -2.635302
491 -2.646885
492 -2.641383
493 -2.653069
494 -2.647463
495 -2.659251
496 -2.653540
497 -2.665432
498 -2.659615
499 -2.671613
500 -2.665687
501 -2.677793
502 -2.671758
503 -2.683972
504 -2.677827
505 -2.690150
506 -2.683894
507 -2.696328
508 -2.689959
509 -2.702504
510 -2.696021
511 -2.708681
512 -2.702082
513 -2.714857
514 -2.708141
515 -2.721032
516 -2.714198
517 -2.727207
518 -2.720254
519 -2.733381
520 -2.726307
521 -2.739555
522 -2.732358
523 -2.745728
524 -2.738408
525 -2.751902
526 -2.744456
527 -2.758074
528 -2.750502
529 -2.764247
530 -2.756546
531 -2.770419
532 -2.762589
533 -2.776591
534 -2.768629
535 -2.782763
536 -2.774668
537 -2.788935
538 -2.780706
539 -2.795106
540 -2.786741
541 -2.801278
542 -2.792775
543 -2.807449
544 -2.798807
545 -2.813621
546 -2.804838
547 -2.819792
548 -2.810866
549 -2.825963
550 -2.816894
551 -2.832135
552 -2.822919
553 -2.838306
554 -2.828943
555 -2.844478
556 -2.834965
557 -2.850650
558 -2.840986
559 -2.856822
560 -2.847005
561 -2.862994
562 -2.853022
563 -2.869166
564 -2.859038
565 -2.875339
566 -2.865052
567 -2.881511
568 -2.871064
569 -2.887685
570 -2.877075
571 -2.893858
572 -2.883084
573 -2.900032
574 -2.889092
575 -2.906206
576 -2.895098
577 -2.912381
578 -2.901103
579 -2.918556
580 -2.907105
581 -2.924731
582 -2.913107
583 -2.930907
584 -2.919107
585 -2.937084
586 -2.925105
587 -2.943261
588 -2.931101
589 -2.949438
590 -2.937096
591 -2.955617
592 -2.943090
593 -2.961795
594 -2.949082
595 -2.967975
596 -2.955072
597 -2.974155
598 -2.961061
599 -2.980336
600 -2.967048
601 -2.986517
602 -2.973033
603 -2.992700
604 -2.979017
605 -2.998883
606 -2.985000
607 -3.005067
608 -2.990981
609 -3.011251
610 -2.996960
611 -3.017437
612 -3.002937
613 -3.023623
614 -3.008913
615 -3.029810
616 -3.014888
617 -3.035999
618 -3.020860
619 -3.042188
620 -3.026831
621 -3.048378
622 -3.032801
623 -3.054569
624 -3.038769
625 -3.060761
626 -3.044735
627 -3.066954
628 -3.050700
629 -3.073148
630 -3.056663
631 -3.079344
632 -3.062624
633 -3.085540
634 -3.068583
635 -3.091738
636 -3.074541
637 -3.097937
638 -3.080498
639 -3.104137
640 -3.086452
641 -3.110338
642 -3.092405
643 -3.116540
644 -3.098356
645 -3.122744
646 -3.104306
647 -3.128949
648 -3.110253
649 -3.135155
650 -3.116199
651 -3.141363
652 -3.122143
653 -3.147572
654 -3.128086
655 -3.153783
656 -3.134026
657 -3.159995
658 -3.139965
659 -3.166208
660 -3.145902
661 -3.172423
662 -3.151838
663 -3.178639
664 -3.157771
665 -3.184857
666 -3.163703
667 -3.191077
668 -3.169633
669 -3.197298
670 -3.175560
671 -3.203521
672 -3.181486
673 -3.209745
674 -3.187411
675 -3.215971
676 -3.193333
677 -3.222199
678 -3.199253
679 -3.228429
680 -3.205172
681 -3.234660
682 -3.211088
683 -3.240893
684 -3.217003
685 -3.247128
686 -3.222915
687 -3.253365
688 -3.228826
689 -3.259604
690 -3.234734
691 -3.265844
692 -3.240641
693 -3.272087
694 -3.246545
695 -3.278331
696 -3.252447
697 -3.284578
698 -3.258348
699 -3.290827
700 -3.264246
701 -3.297077
702 -3.270142
703 -3.303330
704 -3.276036
705 -3.309585
706 -3.281928
707 -3.315550
708 -3.287817
709 -3.321427
710 -3.293705
711 -3.327303
712 -3.299590
713 -3.333176
714 -3.305473
715 -3.339047
716 -3.311354
717 -3.344916
718 -3.317232
719 -3.350782
720 -3.323108
721 -3.356646
722 -3.328982
723 -3.362508
724 -3.334854
725 -3.368367
726 -3.340723
727 -3.374223
728 -3.346590
729 -3.380077
730 -3.352454
731 -3.385928
732 -3.358316
733 -3.391777
734 -3.364176
735 -3.397624
736 -3.370033
737 -3.403468
738 -3.375887
739 -3.409309
740 -3.381739
741 -3.415147
742 -3.387589
743 -3.420983
744 -3.393436
745 -3.426816
746 -3.399280
747 -3.432647
748 -3.405122
749 -3.438474
750 -3.410961
751 -3.444299
752 -3.416798
753 -3.450121
754 -3.422631
755 -3.455940
756 -3.428462
757 -3.461757
758 -3.434291
759 -3.467570
760 -3.440116
761 -3.473381
762 -3.445939
763 -3.479188
764 -3.451759
765 -3.484993
766 -3.457576
767 -3.490795
768 -3.463390
769 -3.496593
770 -3.469201
771 -3.502389
772 -3.475009
773 -3.508057
774 -3.480815
775 -3.513315
776 -3.486617
777 -3.518564
778 -3.492416
779 -3.523806
780 -3.498212
781 -3.529040
782 -3.504006
783 -3.534265
784 -3.509796
785 -3.539481
786 -3.515582
787 -3.544648
788 -3.521366
789 -3.547910
790 -3.527147
791 -3.551156
792 -3.532924
793 -3.554387
794 -3.538698
795 -3.557603
796 -3.544468
797 -3.560804
798 -3.550235
799 -3.563989
800 -3.555999
801 -3.567160
802 -3.561760
803 -3.570315
804 -3.567517
805 -3.573455
806 -3.573270
807 -3.576580
808 -3.579020
809 -3.579690
810 -3.584767
811 -3.582786
812 -3.588127
813 -3.585866
814 -3.590848
815 -3.588931
816 -3.593554
817 -3.591981
818 -3.596246
819 -3.595017
820 -3.598924
821 -3.598037
822 -3.601589
823 -3.601043
824 -3.604240
825 -3.604034
826 -3.606877
827 -3.607010
828 -3.609500
829 -3.609972
830 -3.612110
831 -3.612918
832 -3.614707
833 -3.615850
834 -3.617289
835 -3.618768
836 -3.619859
837 -3.621671
838 -3.622415
839 -3.624559
840 -3.624958
841 -3.627433
842 -3.627487
843 -3.630292
844 -3.630003
845 -3.633137
846 -3.632506
847 -3.635968
848 -3.634996
849 -3.638784
850 -3.637473
851 -3.641586
852 -3.639937
853 -3.644374
854 -3.642388
855 -3.647147
856 -3.644826
857 -3.649907
858 -3.647252
859 -3.652652
860 -3.649664
861 -3.655383
862 -3.652064
863 -3.658100
864 -3.654452
865 -3.660803
866 -3.656827
867 -3.663493
868 -3.659189
869 -3.666168
870 -3.661539
871 -3.668830
872 -3.663877
873 -3.671478
874 -3.666202
875 -3.674112
876 -3.668515
877 -3.676733
878 -3.670816
879 -3.679340
880 -3.673105
881 -3.681933
882 -3.675382
883 -3.684513
884 -3.677647
885 -3.687079
886 -3.679900
887 -3.689633
888 -3.682142
889 -3.692172
890 -3.684371
891 -3.694699
892 -3.686589
893 -3.697212
894 -3.688795
895 -3.699713
896 -3.690990
897 -3.702200
898 -3.693173
899 -3.704674
900 -3.695345
901 -3.707135
902 -3.697505
903 -3.709583
904 -3.699655
905 -3.712019
906 -3.701793
907 -3.714442
908 -3.703919
909 -3.716851
910 -3.706035
911 -3.719249
912 -3.708140
913 -3.721634
914 -3.710234
915 -3.724006
916 -3.712317
917 -3.726365
918 -3.714389
919 -3.728713
920 -3.716451
921 -3.731048
922 -3.718502
923 -3.733371
924 -3.720542
925 -3.735681
926 -3.722572
927 -3.737980
928 -3.724591
929 -3.740266
930 -3.726600
931 -3.742326
932 -3.728599
933 -3.744112
934 -3.730587
935 -3.745890
936 -3.732566
937 -3.747659
938 -3.734534
939 -3.749420
940 -3.736492
941 -3.751172
942 -3.738440
943 -3.752916
944 -3.740379
945 -3.754651
946 -3.742307
947 -3.756378
948 -3.744226
949 -3.758097
950 -3.746136
951 -3.759808
952 -3.748035
953 -3.761511
954 -3.749925
955 -3.763206
956 -3.751806
957 -3.764893
958 -3.753677
959 -3.766572
960 -3.755539
961 -3.768243
962 -3.757392
963 -3.769906
964 -3.759235
965 -3.771562
966 -3.761070
967 -3.773210
968 -3.762895
969 -3.774850
970 -3.764711
971 -3.776484
972 -3.766519
973 -3.778109
974 -3.768318
975 -3.779728
976 -3.770107
977 -3.781339
978 -3.771889
979 -3.782942
980 -3.773661
981 -3.784539
982 -3.775425
983 -3.786128
984 -3.777181
985 -3.787711
986 -3.778928
987 -3.789286
988 -3.780666
989 -3.790855
990 -3.782397
991 -3.792416
992 -3.784119
993 -3.793971
994 -3.785833
995 -3.795519
996 -3.787539
997 -3.797061
998 -3.789237
999 -3.798596
1000 -3.790927
1001 -3.800124
1002 -3.792609
1003 -3.801646
1004 -3.794283
1005 -3.803161
1006 -3.795949
1007 -3.804670
1008 -3.797608
1009 -3.806172
1010 -3.799259
1011 -3.807669
1012 -3.800903
1013 -3.809159
1014 -3.802539
1015 -3.810643
1016 -3.804167
1017 -3.812120
1018 -3.805788
1019 -3.813592
1020 -3.807402
1021 -3.815058
1022 -3.809009
1023 -3.816518
1024 -3.810608
1025 -3.817972
1026 -3.812200
1027 -3.819420
1028 -3.813786
1029 -3.820862
1030 -3.815364
1031 -3.822299
1032 -3.816935
1033 -3.823730
1034 -3.818499
1035 -3.825155
1036 -3.820057
1037 -3.826575
1038 -3.821607
1039 -3.827989
1040 -3.823151
1041 -3.829398
1042 -3.824689
1043 -3.830801
1044 -3.826220
1045 -3.832199
1046 -3.827744
1047 -3.833592
1048 -3.829262
1049 -3.834980
1050 -3.830773
1051 -3.836362
1052 -3.832278
1053 -3.837739
1054 -3.833777
1055 -3.839111
1056 -3.835269
1057 -3.840478
1058 -3.836756
1059 -3.841840
1060 -3.838236
1061 -3.843197
1062 -3.839710
1063 -3.844549
1064 -3.841178
1065 -3.845897
1066 -3.842640
1067 -3.847239
1068 -3.844096
1069 -3.848577
1070 -3.845547
1071 -3.849910
1072 -3.846991
1073 -3.851238
1074 -3.848430
1075 -3.852562
1076 -3.849863
1077 -3.853881
1078 -3.851291
1079 -3.855195
1080 -3.852713
1081 -3.856506
1082 -3.854129
1083 -3.857811
1084 -3.855540
1085 -3.859112
1086 -3.856945
1087 -3.860409
1088 -3.858346
1089 -3.861702
1090 -3.859740
1091 -3.862990
1092 -3.861130
1093 -3.864274
1094 -3.862514
1095 -3.865554
1096 -3.863893
1097 -3.866830
1098 -3.865267
1099 -3.868102
1100 -3.866636
1101 -3.869369
1102 -3.868000
1103 -3.870633
1104 -3.869359
1105 -3.871893
1106 -3.870713
1107 -3.873148
1108 -3.872062
1109 -3.874400
1110 -3.873407
1111 -3.875648
1112 -3.874746
1113 -3.876892
1114 -3.876081
1115 -3.878133
1116 -3.877411
1117 -3.879369
1118 -3.878737
1119 -3.880602
1120 -3.880058
1121 -3.881831
1122 -3.881374
1123 -3.883057
1124 -3.882686
1125 -3.884279
1126 -3.883993
1127 -3.885498
1128 -3.885296
1129 -3.886713
1130 -3.886595
1131 -3.887924
1132 -3.887889
1133 -3.889132
1134 -3.889179
1135 -3.890337
1136 -3.890465
1137 -3.891538
1138 -3.891746
1139 -3.892736
1140 -3.893024
1141 -3.893931
1142 -3.894297
1143 -3.895122
1144 -3.895566
1145 -3.896311
1146 -3.896831
1147 -3.897496
1148 -3.898092
1149 -3.898677
1150 -3.899350
1151 -3.899856
1152 -3.900603
1153 -3.901032
1154 -3.901852
1155 -3.902204
1156 -3.903098
1157 -3.903374
1158 -3.904340
1159 -3.904540
1160 -3.905578
1161 -3.905704
1162 -3.906812
1163 -3.906864
1164 -3.908043
1165 -3.908022
1166 -3.909270
1167 -3.909177
1168 -3.910493
1169 -3.910329
1170 -3.911713
1171 -3.911478
1172 -3.912930
1173 -3.912625
1174 -3.914143
1175 -3.913768
1176 -3.915352
1177 -3.914909
1178 -3.916558
1179 -3.916047
1180 -3.917761
1181 -3.917183
1182 -3.918960
1183 -3.918316
1184 -3.920156
1185 -3.919446
1186 -3.921348
1187 -3.920574
1188 -3.922538
1189 -3.921699
1190 -3.923724
1191 -3.922822
1192 -3.924907
1193 -3.923942
1194 -3.926087
1195 -3.925060
1196 -3.927264
1197 -3.926175
1198 -3.928438
1199 -3.927288
1200 -3.929608
1201 -3.928398
1202 -3.930776
1203 -3.929507
1204 -3.931941
1205 -3.930612
1206 -3.933102
1207 -3.931716
1208 -3.934261
1209 -3.932817
1210 -3.935417
1211 -3.933916
1212 -3.936570
1213 -3.935012
1214 -3.937721
1215 -3.936107
1216 -3.938868
1217 -3.937199
1218 -3.940013
1219 -3.938289
1220 -3.941155
1221 -3.939377
1222 -3.942294
1223 -3.940463
1224 -3.943431
1225 -3.941547
1226 -3.944565
1227 -3.942628
1228 -3.945696
1229 -3.943708
1230 -3.946825
1231 -3.944786
1232 -3.947951
1233 -3.945861
1234 -3.949075
1235 -3.946935
1236 -3.950196
1237 -3.948007
1238 -3.951314
1239 -3.949076
1240 -3.952431
1241 -3.950144
1242 -3.953544
1243 -3.951210
1244 -3.954656
1245 -3.952274
1246 -3.955765
1247 -3.953336
1248 -3.956872
1249 -3.954396
1250 -3.957976
1251 -3.955455
1252 -3.959078
1253 -3.956512
1254 -3.960178
1255 -3.957567
1256 -3.961275
1257 -3.958620
1258 -3.962371
1259 -3.959671
1260 -3.963464
1261 -3.960721
1262 -3.964555
1263 -3.961769
1264 -3.965643
1265 -3.962815
1266 -3.966730
1267 -3.963860
1268 -3.967815
1269 -3.964903
1270 -3.968897
1271 -3.965945
1272 -3.969977
1273 -3.966984
1274 -3.971056
1275 -3.968023
1276 -3.972132
1277 -3.969059
1278 -3.973207
1279 -3.970095
1280 -3.974279
1281 -3.971128
1282 -3.975349
1283 -3.972160
1284 -3.976418
1285 -3.973191
1286 -3.977485
1287 -3.974220
1288 -3.978549
1289 -3.975248
1290 -3.979612
1291 -3.976274
1292 -3.980673
1293 -3.977299
1294 -3.981732
1295 -3.978322
1296 -3.982790
1297 -3.979344
1298 -3.983845
1299 -3.980364
1300 -3.984899
1301 -3.981384
1302 -3.985951
1303 -3.982401
1304 -3.987002
1305 -3.983418
1306 -3.988051
1307 -3.984433
1308 -3.989098
1309 -3.985447
1310 -3.990143
1311 -3.986460
1312 -3.991187
1313 -3.987471
1314 -3.992229
1315 -3.988481
1316 -3.993269
1317 -3.989490
1318 -3.994308
1319 -3.990497
1320 -3.995345
1321 -3.991504
1322 -3.996381
1323 -3.992509
1324 -3.997415
1325 -3.993513
1326 -3.998448
1327 -3.994515
1328 -3.999479
1329 -3.995517
1330 -4.000509
1331 -3.996517
1332 -4.001537
1333 -3.997517
1334 -4.002564
1335 -3.998515
1336 -4.003589
1337 -3.999512
1338 -4.004613
1339 -4.000508
1340 -4.005635
1341 -4.001503
1342 -4.006657
1343 -4.002496
1344 -4.007676
1345 -4.003489
1346 -4.008695
1347 -4.004481
1348 -4.009712
1349 -4.005471
1350 -4.010727
1351 -4.006461
1352 -4.011742
1353 -4.007449
1354 -4.012755
1355 -4.008437
1356 -4.013767
1357 -4.009424
1358 -4.014777
1359 -4.010409
1360 -4.015786
1361 -4.011394
1362 -4.016794
1363 -4.012377
1364 -4.017801
1365 -4.013360
1366 -4.018807
1367 -4.014342
1368 -4.019811
1369 -4.015323
1370 -4.020814
1371 -4.016303
1372 -4.021816
1373 -4.017282
1374 -4.022817
1375 -4.018260
1376 -4.023817
1377 -4.019237
1378 -4.024816
1379 -4.020213
1380 -4.025813
1381 -4.021189
1382 -4.026809
1383 -4.022163
1384 -4.027805
1385 -4.023137
1386 -4.028799
1387 -4.024110
1388 -4.029792
1389 -4.025082
1390 -4.030784
1391 -4.026053
1392 -4.031775
1393 -4.027024
1394 -4.032765
1395 -4.027994
1396 -4.033754
1397 -4.028963
1398 -4.034742
1399 -4.029931
1400 -4.035729
1401 -4.030898
1402 -4.036715
1403 -4.031865
1404 -4.037700
1405 -4.032830
1406 -4.038684
1407 -4.033795
1408 -4.039667
1409 -4.034760
1410 -4.040649
1411 -4.035723
1412 -4.041630
1413 -4.036686
1414 -4.042610
1415 -4.037649
1416 -4.043590
1417 -4.038610
1418 -4.044568
1419 -4.039571
1420 -4.045546
1421 -4.040531
1422 -4.046522
1423 -4.041490
1424 -4.047498
1425 -4.042449
1426 -4.048473
1427 -4.043407
1428 -4.049447
1429 -4.044365
1430 -4.050421
1431 -4.045321
1432 -4.051393
1433 -4.046277
1434 -4.052365
1435 -4.047233
1436 -4.053335
1437 -4.048188
1438 -4.054305
1439 -4.049142
1440 -4.055275
1441 -4.050096
1442 -4.056243
1443 -4.051049
1444 -4.057211
1445 -4.052001
1446 -4.058178
1447 -4.052953
1448 -4.059144
1449 -4.053904
1450 -4.060109
1451 -4.054855
1452 -4.061074
1453 -4.055805
1454 -4.062038
1455 -4.056755
1456 -4.063001
1457 -4.057704
1458 -4.063963
1459 -4.058652
1460 -4.064925
1461 -4.059600
1462 -4.065886
1463 -4.060548
1464 -4.066846
1465 -4.061494
1466 -4.067806
1467 -4.062441
1468 -4.068765
1469 -4.063386
1470 -4.069723
1471 -4.064332
1472 -4.070681
1473 -4.065277
1474 -4.071638
1475 -4.066221
1476 -4.072594
1477 -4.067165
1478 -4.073550
1479 -4.068108
1480 -4.074505
1481 -4.069051
1482 -4.075460
1483 -4.069993
1484 -4.076414
1485 -4.070935
1486 -4.077367
1487 -4.071876
1488 -4.078320
1489 -4.072817
1490 -4.079272
1491 -4.073758
1492 -4.080223
1493 -4.074698
1494 -4.081174
1495 -4.075637
1496 -4.082125
1497 -4.076576
1498 -4.083074
1499 -4.077515
1500 -4.084024
1501 -4.078453
1502 -4.084972
1503 -4.079391
1504 -4.085874
1505 -4.080328
1506 -4.086740
1507 -4.081265
1508 -4.087607
1509 -4.082202
1510 -4.088474
1511 -4.083138
1512 -4.089342
1513 -4.084074
1514 -4.090209
1515 -4.085009
1516 -4.091078
1517 -4.085944
1518 -4.091946
1519 -4.086879
1520 -4.092815
1521 -4.087813
1522 -4.093685
1523 -4.088747
1524 -4.094555
1525 -4.089680
1526 -4.095425
1527 -4.090613
1528 -4.096295
1529 -4.091546
1530 -4.097166
1531 -4.092479
1532 -4.098038
1533 -4.093411
1534 -4.098909
1535 -4.094342
1536 -4.099781
1537 -4.095273
1538 -4.100654
1539 -4.096204
1540 -4.101526
1541 -4.097135
1542 -4.102400
1543 -4.098065
1544 -4.103273
1545 -4.098995
1546 -4.104147
1547 -4.099925
1548 -4.105021
1549 -4.100854
1550 -4.105895
1551 -4.101783
1552 -4.106770
1553 -4.102712
1554 -4.107645
1555 -4.103640
1556 -4.108521
1557 -4.104568
1558 -4.109396
1559 -4.105496
1560 -4.110272
1561 -4.106423
1562 -4.111149
1563 -4.107350
1564 -4.112025
1565 -4.108277
1566 -4.112902
1567 -4.109204
1568 -4.113779
1569 -4.110130
1570 -4.114657
1571 -4.111056
1572 -4.115535
1573 -4.111982
1574 -4.116413
1575 -4.112907
1576 -4.117291
1577 -4.113832
1578 -4.118170
1579 -4.114757
1580 -4.119049
1581 -4.115682
1582 -4.119928
1583 -4.116606
1584 -4.120808
1585 -4.117530
1586 -4.121687
1587 -4.118454
1588 -4.122567
1589 -4.119377
1590 -4.123448
1591 -4.120301
1592 -4.124328
1593 -4.121224
1594 -4.125209
1595 -4.122146
1596 -4.126090
1597 -4.123069
1598 -4.126971
1599 -4.123991
1600 -4.127853
1601 -4.124913
1602 -4.128735
1603 -4.125835
1604 -4.129617
1605 -4.126757
1606 -4.130499
1607 -4.127678
1608 -4.131381
1609 -4.128599
1610 -4.132264
1611 -4.129520
1612 -4.133147
1613 -4.130441
1614 -4.134030
1615 -4.131361
1616 -4.134914
1617 -4.132281
1618 -4.135797
1619 -4.133201
1620 -4.136681
1621 -4.134121
1622 -4.137565
1623 -4.135041
1624 -4.138449
1625 -4.135960
1626 -4.139334
1627 -4.136879
1628 -4.140218
1629 -4.137798
1630 -4.141103
1631 -4.138717
1632 -4.141988
1633 -4.139636
1634 -4.142874
1635 -4.140554
1636 -4.143759
1637 -4.141472
1638 -4.144645
1639 -4.142390
1640 -4.145531
1641 -4.143308
1642 -4.146417
1643 -4.144226
1644 -4.147303
1645 -4.145143
1646 -4.148189
1647 -4.146060
1648 -4.149076
1649 -4.146977
1650 -4.149963
1651 -4.147894
1652 -4.150850
1653 -4.148811
1654 -4.151737
1655 -4.149727
1656 -4.152624
1657 -4.150644
1658 -4.153512
1659 -4.151560
1660 -4.154399
1661 -4.152476
1662 -4.155287
1663 -4.153392
1664 -4.156175
1665 -4.154308
1666 -4.157063
1667 -4.155223
1668 -4.157952
1669 -4.156139
1670 -4.158840
1671 -4.157054
1672 -4.159729
1673 -4.157969
1674 -4.160618
1675 -4.158884
1676 -4.161507
1677 -4.159799
1678 -4.162396
1679 -4.160713
1680 -4.163285
1681 -4.161628
1682 -4.164174
1683 -4.162542
1684 -4.165064
1685 -4.163456
1686 -4.165954
1687 -4.164370
1688 -4.166843
1689 -4.165284
1690 -4.167733
1691 -4.166198
1692 -4.168624
1693 -4.167111
1694 -4.169514
1695 -4.168025
1696 -4.170404
1697 -4.168938
1698 -4.171295
1699 -4.169851
1700 -4.172185
1701 -4.170764
1702 -4.173076
1703 -4.171677
1704 -4.173967
1705 -4.172590
1706 -4.174858
1707 -4.173503
1708 -4.175750
1709 -4.174415
1710 -4.176641
1711 -4.175328
1712 -4.177532
1713 -4.176240
1714 -4.178424
1715 -4.177152
1716 -4.179316
1717 -4.178064
1718 -4.180207
1719 -4.178976
1720 -4.181099
1721 -4.179888
1722 -4.181991
1723 -4.180800
1724 -4.182884
1725 -4.181711
1726 -4.183776
1727 -4.182623
1728 -4.184668
1729 -4.183534
1730 -4.185561
1731 -4.184445
1732 -4.186454
1733 -4.185356
1734 -4.187346
1735 -4.186267
1736 -4.188239
1737 -4.187178
1738 -4.189132
1739 -4.188089
1740 -4.190025
1741 -4.189000
1742 -4.190918
1743 -4.189910
1744 -4.191812
1745 -4.190821
1746 -4.192705
1747 -4.191731
1748 -4.193598
1749 -4.192642
1750 -4.194492
1751 -4.193552
1752 -4.195386
1753 -4.194462
1754 -4.196279
1755 -4.195372
1756 -4.197173
1757 -4.196282
1758 -4.198067
1759 -4.197192
1760 -4.198961
1761 -4.198101
1762 -4.199856
1763 -4.199011
1764 -4.200750
1765 -4.199921
1766 -4.201644
1767 -4.200830
1768 -4.202539
1769 -4.201739
1770 -4.203433
1771 -4.202649
1772 -4.204328
1773 -4.203558
1774 -4.205222
1775 -4.204467
1776 -4.206117
1777 -4.205376
1778 -4.207012
1779 -4.206285
1780 -4.207907
1781 -4.207194
1782 -4.208802
1783 -4.208103
1784 -4.209697
1785 -4.209011
1786 -4.210592
1787 -4.209920
1788 -4.211488
1789 -4.210828
1790 -4.212383
1791 -4.211737
1792 -4.213278
1793 -4.212645
1794 -4.214174
1795 -4.213554
1796 -4.215069
1797 -4.214462
1798 -4.215965
1799 -4.215370
1800 -4.216861
1801 -4.216278
1802 -4.217757
1803 -4.217186
1804 -4.218652
1805 -4.218094
1806 -4.219548
1807 -4.219002
1808 -4.220444
1809 -4.219910
1810 -4.221340
1811 -4.220817
1812 -4.222237
1813 -4.221725
1814 -4.223133
1815 -4.222633
1816 -4.224029
1817 -4.223540
1818 -4.224925
1819 -4.224448
1820 -4.225822
1821 -4.225355
1822 -4.226718
1823 -4.226262
1824 -4.227615
1825 -4.227170
1826 -4.228512
1827 -4.228077
1828 -4.229408
1829 -4.228984
1830 -4.230305
1831 -4.229891
1832 -4.231202
1833 -4.230798
1834 -4.232099
1835 -4.231705
1836 -4.232996
1837 -4.232612
1838 -4.233893
1839 -4.233519
1840 -4.234790
1841 -4.234425
1842 -4.235687
1843 -4.235332
1844 -4.236584
1845 -4.236239
1846 -4.237481
1847 -4.237145
1848 -4.238378
1849 -4.238052
1850 -4.239276
1851 -4.238959
1852 -4.240173
1853 -4.239865
1854 -4.241070
1855 -4.240771
1856 -4.241968
1857 -4.241678
1858 -4.242865
1859 -4.242584
1860 -4.243763
1861 -4.243490
1862 -4.244661
1863 -4.244396
1864 -4.245558
1865 -4.245303
1866 -4.246456
1867 -4.246209
1868 -4.247354
1869 -4.247115
1870 -4.248252
1871 -4.248021
1872 -4.249150
1873 -4.248927
1874 -4.250048
1875 -4.249832
1876 -4.250946
1877 -4.250738
1878 -4.251844
1879 -4.251644
1880 -4.252742
1881 -4.252550
1882 -4.253640
1883 -4.253456
1884 -4.254538
1885 -4.254361
1886 -4.255436
1887 -4.255267
1888 -4.256334
1889 -4.256172
1890 -4.257233
1891 -4.257078
1892 -4.258131
1893 -4.257983
1894 -4.259029
1895 -4.258889
1896 -4.259928
1897 -4.259794
1898 -4.260826
1899 -4.260700
1900 -4.261725
1901 -4.261605
1902 -4.262623
1903 -4.262510
1904 -4.263522
1905 -4.263416
1906 -4.264421
1907 -4.264321
1908 -4.265319
1909 -4.265226
1910 -4.266218
1911 -4.266131
1912 -4.267117
1913 -4.267036
1914 -4.268015
1915 -4.267941
1916 -4.268914
1917 -4.268846
1918 -4.269813
1919 -4.269751
1920 -4.270712
1921 -4.270656
1922 -4.271611
1923 -4.271561
1924 -4.272510
1925 -4.272466
1926 -4.273409
1927 -4.273371
1928 -4.274308
1929 -4.274276
1930 -4.275207
1931 -4.275180
1932 -4.276106
1933 -4.276085
1934 -4.277005
1935 -4.276990
1936 -4.277904
1937 -4.277894
1938 -4.278804
1939 -4.278799
1940 -4.279703
1941 -4.279704
1942 -4.280602
1943 -4.280608
1944 -4.281501
1945 -4.281513
1946 -4.282401
1947 -4.282417
1948 -4.283300
1949 -4.283322
1950 -4.284199
1951 -4.284226
1952 -4.285099
1953 -4.285131
1954 -4.285998
1955 -4.286035
1956 -4.286898
1957 -4.286939
1958 -4.287797
1959 -4.287844
1960 -4.288697
1961 -4.288748
1962 -4.289596
1963 -4.289652
1964 -4.290496
1965 -4.290557
1966 -4.291396
1967 -4.291461
1968 -4.292295
1969 -4.292365
1970 -4.293195
1971 -4.293269
1972 -4.294095
1973 -4.294173
1974 -4.294994
1975 -4.295078
1976 -4.295894
1977 -4.295982
1978 -4.296794
1979 -4.296886
1980 -4.297694
1981 -4.297790
1982 -4.298593
1983 -4.298694
1984 -4.299493
1985 -4.299598
1986 -4.300393
1987 -4.300502
1988 -4.301293
1989 -4.301406
1990 -4.302193
1991 -4.302310
1992 -4.303093
1993 -4.303213
1994 -4.303993
1995 -4.304117
1996 -4.304893
1997 -4.305021
1998 -4.305793
1999 -4.305925
2000 -4.306693
2001 -4.306829
2002 -4.307593
2003 -4.307733
2004 -4.308493
2005 -4.308636
2006 -4.309393
2007 -4.309540
2008 -4.310293
2009 -4.310444
2010 -4.311194
2011 -4.311348
2012 -4.312094
2013 -4.312251
2014 -4.312994
2015 -4.313155
2016 -4.313894
2017 -4.314058
2018 -4.314794
2019 -4.314962
2020 -4.315695
2021 -4.315866
2022 -4.316595
2023 -4.316769
2024 -4.317495
2025 -4.317673
2026 -4.318395
2027 -4.318576
2028 -4.319296
2029 -4.319480
2030 -4.320196
2031 -4.320383
2032 -4.321096
2033 -4.321287
2034 -4.321997
2035 -4.322190
2036 -4.322897
2037 -4.323094
2038 -4.323798
2039 -4.323997
2040 -4.324698
2041 -4.324901
2042 -4.325599
2043 -4.325804
2044 -4.326499
2045 -4.326707
2046 -4.327400
2047 -4.327611
2048 -4.328300
2049 -4.328514
2050 -4.329201
2051 -4.329417
2052 -4.330101
2053 -4.330321
2054 -4.331002
2055 -4.331224
2056 -4.331902
2057 -4.332127
2058 -4.332803
2059 -4.333031
2060 -4.333703
2061 -4.333934
2062 -4.334604
2063 -4.334837
2064 -4.335505
2065 -4.335740
2066 -4.336405
2067 -4.336643
2068 -4.337306
2069 -4.337547
2070 -4.338207
2071 -4.338450
2072 -4.339107
2073 -4.339353
2074 -4.340008
2075 -4.340256
2076 -4.340909
2077 -4.341159
2078 -4.341810
2079 -4.342062
2080 -4.342710
2081 -4.342965
2082 -4.343611
2083 -4.343868
2084 -4.344512
2085 -4.344772
2086 -4.345413
2087 -4.345675
2088 -4.346313
2089 -4.346578
2090 -4.347214
2091 -4.347481
2092 -4.348115
2093 -4.348384
2094 -4.349016
2095 -4.349287
2096 -4.349917
2097 -4.350190
2098 -4.350818
2099 -4.351093
2100 -4.351719
2101 -4.351996
2102 -4.352620
2103 -4.352899
2104 -4.353520
2105 -4.353801
2106 -4.354421
2107 -4.354704
2108 -4.355322
2109 -4.355607
2110 -4.356223
2111 -4.356510
2112 -4.357124
2113 -4.357413
2114 -4.358025
2115 -4.358316
2116 -4.358926
2117 -4.359219
2118 -4.359827
2119 -4.360122
2120 -4.360728
2121 -4.361025
2122 -4.361629
2123 -4.361927
2124 -4.362530
2125 -4.362830
2126 -4.363431
2127 -4.363733
2128 -4.364332
2129 -4.364636
2130 -4.365233
2131 -4.365539
2132 -4.366134
2133 -4.366441
2134 -4.367035
2135 -4.367344
2136 -4.367937
2137 -4.368247
2138 -4.368838
2139 -4.369150
2140 -4.369739
2141 -4.370052
2142 -4.370640
2143 -4.370955
2144 -4.371541
2145 -4.371858
2146 -4.372442
2147 -4.372761
2148 -4.373343
2149 -4.373663
2150 -4.374244
2151 -4.374566
2152 -4.375146
2153 -4.375469
2154 -4.376047
2155 -4.376371
2156 -4.376948
2157 -4.377274
2158 -4.377849
2159 -4.378177
2160 -4.378750
2161 -4.379079
2162 -4.379652
2163 -4.379982
2164 -4.380553
2165 -4.380885
2166 -4.381454
2167 -4.381787
2168 -4.382355
2169 -4.382690
2170 -4.383256
2171 -4.383593
2172 -4.384158
2173 -4.384495
2174 -4.385059
2175 -4.385398
2176 -4.385960
2177 -4.386300
2178 -4.386861
2179 -4.387203
2180 -4.387763
2181 -4.388106
2182 -4.388664
2183 -4.389008
2184 -4.389565
2185 -4.389911
2186 -4.390467
2187 -4.390813
2188 -4.391368
2189 -4.391716
2190 -4.392269
2191 -4.392618
2192 -4.393171
2193 -4.393521
2194 -4.394072
2195 -4.394423
2196 -4.394973
2197 -4.395326
2198 -4.395875
2199 -4.396228
2200 -4.396776
2201 -4.397131
2202 -4.397677
2203 -4.398033
2204 -4.398579
2205 -4.398936
2206 -4.399480
2207 -4.399838
2208 -4.400381
2209 -4.400741
2210 -4.401283
2211 -4.401643
2212 -4.402184
2213 -4.402546
2214 -4.403086
2215 -4.403448
2216 -4.403987
2217 -4.404351
2218 -4.404888
2219 -4.405253
2220 -4.405790
2221 -4.406155
2222 -4.406691
2223 -4.407058
2224 -4.407593
2225 -4.407960
2226 -4.408494
2227 -4.408863
2228 -4.409396
2229 -4.409765
2230 -4.410297
2231 -4.410668
2232 -4.411198
2233 -4.411570
2234 -4.412100
2235 -4.412472
2236 -4.413001
2237 -4.413375
2238 -4.413903
2239 -4.414277
2240 -4.414804
2241 -4.415180
2242 -4.415706
2243 -4.416082
2244 -4.416607
2245 -4.416984
2246 -4.417509
2247 -4.417887
2248 -4.418410
2249 -4.418789
2250 -4.419312
2251 -4.419691
2252 -4.420213
2253 -4.420594
2254 -4.421115
2255 -4.421496
2256 -4.422016
2257 -4.422398
2258 -4.422918
2259 -4.423301
2260 -4.423819
2261 -4.424203
2262 -4.424721
2263 -4.425105
2264 -4.425622
2265 -4.426008
2266 -4.426524
2267 -4.426910
2268 -4.427425
2269 -4.427812
2270 -4.428327
2271 -4.428715
2272 -4.429229
2273 -4.429617
2274 -4.430130
2275 -4.430519
2276 -4.431032
2277 -4.431422
2278 -4.431933
2279 -4.432324
2280 -4.432835
2281 -4.433226
2282 -4.433736
2283 -4.434128
2284 -4.434638
2285 -4.435031
2286 -4.435540
2287 -4.435933
2288 -4.436441
2289 -4.436835
2290 -4.437343
2291 -4.437737
2292 -4.438244
2293 -4.438640
2294 -4.439146
2295 -4.439542
2296 -4.440048
2297 -4.440444
2298 -4.440949
2299 -4.441346
2300 -4.441851
2301 -4.442249
2302 -4.442752
2303 -4.443151
2304 -4.443654
2305 -4.444053
2306 -4.444556
2307 -4.444955
2308 -4.445457
2309 -4.445858
2310 -4.446359
2311 -4.446760
2312 -4.447261
2313 -4.447662
2314 -4.448162
2315 -4.448564
2316 -4.449064
2317 -4.449467
2318 -4.449965
2319 -4.450369
2320 -4.450867
2321 -4.451271
2322 -4.451769
2323 -4.452173
2324 -4.452670
2325 -4.453075
2326 -4.453572
2327 -4.453978
2328 -4.454474
2329 -4.454880
2330 -4.455375
2331 -4.455782
2332 -4.456277
2333 -4.456684
2334 -4.457179
2335 -4.457586
2336 -4.458080
2337 -4.458488
2338 -4.458982
2339 -4.459391
2340 -4.459884
2341 -4.460293
2342 -4.460785
2343 -4.461195
2344 -4.461687
2345 -4.462097
2346 -4.462589
2347 -4.462999
2348 -4.463490
2349 -4.463902
2350 -4.464392
2351 -4.464804
2352 -4.465294
2353 -4.465706
2354 -4.466196
2355 -4.466608
2356 -4.467097
2357 -4.467510
2358 -4.467999
2359 -4.468412
2360 -4.468901
2361 -4.469314
2362 -4.469802
2363 -4.470217
2364 -4.470704
2365 -4.471119
2366 -4.471606
2367 -4.472021
2368 -4.472507
2369 -4.472923
2370 -4.473409
2371 -4.473825
2372 -4.474311
2373 -4.474727
2374 -4.475213
2375 -4.475629
2376 -4.476114
2377 -4.476532
2378 -4.477016
2379 -4.477434
2380 -4.477918
2381 -4.478336
2382 -4.478820
2383 -4.479238
2384 -4.479721
2385 -4.480140
2386 -4.480623
2387 -4.481042
2388 -4.481525
2389 -4.481944
2390 -4.482427
2391 -4.482846
2392 -4.483328
2393 -4.483749
2394 -4.484230
2395 -4.484651
2396 -4.485132
2397 -4.485553
2398 -4.486034
2399 -4.486455
2400 -4.486935
2401 -4.487357
2402 -4.487837
2403 -4.488259
2404 -4.488739
2405 -4.489161
2406 -4.489641
2407 -4.490063
2408 -4.490542
2409 -4.490965
2410 -4.491444
2411 -4.491867
2412 -4.492346
2413 -4.492770
2414 -4.493248
2415 -4.493672
2416 -4.494149
2417 -4.494574
2418 -4.495051
2419 -4.495476
2420 -4.495953
2421 -4.496378
2422 -4.496855
2423 -4.497280
2424 -4.497756
2425 -4.498182
2426 -4.498658
2427 -4.499084
2428 -4.499560
2429 -4.499986
2430 -4.500462
2431 -4.500888
2432 -4.501364
2433 -4.501790
2434 -4.502265
2435 -4.502692
2436 -4.503167
2437 -4.503594
2438 -4.504069
2439 -4.504497
2440 -4.504971
2441 -4.505399
2442 -4.505872
2443 -4.506301
2444 -4.506774
2445 -4.507203
2446 -4.507676
2447 -4.508105
2448 -4.508578
2449 -4.509007
2450 -4.509480
2451 -4.509909
2452 -4.510381
2453 -4.510811
2454 -4.511283
2455 -4.511713
2456 -4.512185
2457 -4.512615
2458 -4.513087
2459 -4.513517
2460 -4.513989
2461 -4.514419
2462 -4.514890
2463 -4.515321
2464 -4.515792
2465 -4.516223
2466 -4.516694
2467 -4.517125
2468 -4.517596
2469 -4.518027
2470 -4.518498
2471 -4.518929
2472 -4.519400
2473 -4.519831
2474 -4.520301
2475 -4.520733
2476 -4.521203
2477 -4.521635
2478 -4.522105
2479 -4.522538
2480 -4.523007
2481 -4.523440
2482 -4.523909
2483 -4.524342
2484 -4.524810
2485 -4.525244
2486 -4.525712
2487 -4.526146
2488 -4.526614
2489 -4.527048
2490 -4.527516
2491 -4.527950
2492 -4.528418
2493 -4.528852
2494 -4.529320
2495 -4.529754
2496 -4.530221
2497 -4.530656
2498 -4.531123
2499 -4.531558
2500 -4.532025
2501 -4.532460
2502 -4.532927
2503 -4.533362
2504 -4.533829
2505 -4.534264
2506 -4.534731
2507 -4.535166
2508 -4.535632
2509 -4.536068
2510 -4.536534
2511 -4.536970
2512 -4.537436
2513 -4.537872
2514 -4.538338
2515 -4.538774
2516 -4.539240
2517 -4.539676
2518 -4.540142
2519 -4.540578
2520 -4.541043
2521 -4.541480
2522 -4.541945
2523 -4.542382
2524 -4.542847
2525 -4.543284
2526 -4.543749
2527 -4.544186
2528 -4.544651
2529 -4.545088
2530 -4.545553
2531 -4.545990
2532 -4.546454
2533 -4.546892
2534 -4.547356
2535 -4.547794
2536 -4.548258
2537 -4.548696
2538 -4.549160
2539 -4.549598
2540 -4.550062
2541 -4.550500
2542 -4.550964
2543 -4.551402
2544 -4.551866
2545 -4.552304
2546 -4.552767
2547 -4.553206
2548 -4.553669
2549 -4.554108
2550 -4.554571
2551 -4.555010
2552 -4.555473
2553 -4.555912
2554 -4.556375
2555 -4.556814
2556 -4.557277
2557 -4.557716
2558 -4.558179
2559 -4.558618
2560 -4.559080
2561 -4.559520
2562 -4.559982
2563 -4.560422
2564 -4.560884
2565 -4.561324
2566 -4.561786
2567 -4.562226
2568 -4.562688
2569 -4.563128
2570 -4.563590
2571 -4.564030
2572 -4.564492
2573 -4.564932
2574 -4.565393
2575 -4.565834
2576 -4.566295
2577 -4.566736
2578 -4.567197
2579 -4.567638
2580 -4.568099
2581 -4.568540
2582 -4.569001
2583 -4.569442
2584 -4.569903
2585 -4.570344
2586 -4.570805
2587 -4.571246
2588 -4.571707
2589 -4.572148
2590 -4.572608
2591 -4.573050
2592 -4.573510
2593 -4.573952
2594 -4.574412
2595 -4.574854
2596 -4.575314
2597 -4.575756
2598 -4.576216
2599 -4.576658
2600 -4.577118
2601 -4.577560
2602 -4.578020
2603 -4.578462
2604 -4.578922
2605 -4.579364
2606 -4.579823
2607 -4.580266
2608 -4.580725
2609 -4.581168
2610 -4.581627
2611 -4.582070
2612 -4.582529
2613 -4.582972
2614 -4.583431
2615 -4.583874
2616 -4.584333
2617 -4.584776
2618 -4.585235
2619 -4.585678
2620 -4.586137
2621 -4.586580
2622 -4.587038
2623 -4.587482
2624 -4.587940
2625 -4.588384
2626 -4.588842
2627 -4.589285
2628 -4.589744
2629 -4.590187
2630 -4.590646
2631 -4.591089
2632 -4.591548
2633 -4.591991
2634 -4.592450
2635 -4.592893
2636 -4.593352
2637 -4.593795
2638 -4.594253
2639 -4.594697
2640 -4.595155
2641 -4.595599
2642 -4.596057
2643 -4.596501
2644 -4.596959
2645 -4.597403
2646 -4.597861
2647 -4.598305
2648 -4.598763
2649 -4.599207
2650 -4.599665
2651 -4.600109
2652 -4.600567
2653 -4.601011
2654 -4.601469
2655 -4.601913
2656 -4.602370
2657 -4.602815
2658 -4.603272
2659 -4.603717
2660 -4.604174
2661 -4.604619
2662 -4.605076
2663 -4.605521
2664 -4.605978
2665 -4.606423
2666 -4.606880
2667 -4.607325
2668 -4.607782
2669 -4.608227
2670 -4.608684
2671 -4.609129
2672 -4.609586
2673 -4.610031
2674 -4.610487
2675 -4.610933
2676 -4.611389
2677 -4.611835
2678 -4.612291
2679 -4.612737
2680 -4.613193
2681 -4.613639
2682 -4.614095
2683 -4.614540
2684 -4.614997
2685 -4.615442
2686 -4.615899
2687 -4.616344
2688 -4.616801
2689 -4.617246
2690 -4.617703
2691 -4.618148
2692 -4.618604
2693 -4.619050
2694 -4.619506
2695 -4.619952
2696 -4.620408
2697 -4.620854
2698 -4.621310
2699 -4.621756
2700 -4.622212
2701 -4.622658
2702 -4.623114
2703 -4.623560
2704 -4.624016
2705 -4.624462
2706 -4.624918
2707 -4.625364
2708 -4.625820
2709 -4.626266
2710 -4.626722
2711 -4.627168
2712 -4.627623
2713 -4.628070
2714 -4.628525
2715 -4.628972
2716 -4.629427
2717 -4.629874
2718 -4.630329
2719 -4.630776
2720 -4.631231
2721 -4.631678
2722 -4.632133
2723 -4.632580
2724 -4.633035
2725 -4.633482
2726 -4.633937
2727 -4.634383
2728 -4.634839
2729 -4.635285
2730 -4.635741
2731 -4.636187
2732 -4.636642
2733 -4.637089
2734 -4.637544
2735 -4.637991
2736 -4.638446
2737 -4.638893
2738 -4.639348
2739 -4.639795
2740 -4.640250
2741 -4.640697
2742 -4.641152
2743 -4.641599
2744 -4.642054
2745 -4.642501
2746 -4.642956
2747 -4.643403
2748 -4.643858
2749 -4.644305
2750 -4.644760
2751 -4.645207
2752 -4.645661
2753 -4.646109
2754 -4.646563
2755 -4.647011
2756 -4.647465
2757 -4.647913
2758 -4.648367
2759 -4.648815
2760 -4.649269
2761 -4.649717
2762 -4.650171
2763 -4.650619
2764 -4.651073
2765 -4.651520
2766 -4.651975
2767 -4.652422
2768 -4.652877
2769 -4.653324
2770 -4.653779
2771 -4.654226
2772 -4.654681
2773 -4.655128
2774 -4.655582
2775 -4.656030
2776 -4.656484
2777 -4.656932
2778 -4.657386
2779 -4.657834
2780 -4.658288
2781 -4.658736
2782 -4.659190
2783 -4.659638
2784 -4.660092
2785 -4.660540
2786 -4.660994
2787 -4.661442
2788 -4.661896
2789 -4.662344
2790 -4.662798
2791 -4.663246
2792 -4.663700
2793 -4.664148
2794 -4.664601
2795 -4.665050
2796 -4.665503
2797 -4.665952
2798 -4.666405
2799 -4.666853
2800 -4.667307
2801 -4.667755
2802 -4.668209
2803 -4.668657
2804 -4.669111
2805 -4.669559
2806 -4.670013
2807 -4.670461
2808 -4.670915
2809 -4.671363
2810 -4.671817
2811 -4.672265
2812 -4.672719
2813 -4.673167
2814 -4.673621
2815 -4.674069
2816 -4.674522
2817 -4.674971
2818 -4.675424
2819 -4.675873
2820 -4.676326
2821 -4.676775
2822 -4.677228
2823 -4.677677
2824 -4.678130
2825 -4.678579
2826 -4.679032
2827 -4.679481
2828 -4.679934
2829 -4.680383
2830 -4.680836
2831 -4.681285
2832 -4.681738
2833 -4.682186
2834 -4.682640
2835 -4.683088
2836 -4.683542
2837 -4.683990
2838 -4.684443
2839 -4.684892
2840 -4.685345
2841 -4.685794
2842 -4.686247
2843 -4.686696
2844 -4.687149
2845 -4.687598
2846 -4.688051
2847 -4.688500
2848 -4.688953
2849 -4.689402
2850 -4.689855
2851 -4.690304
2852 -4.690757
2853 -4.691206
2854 -4.691659
2855 -4.692108
2856 -4.692561
2857 -4.693010
2858 -4.693463
2859 -4.693912
2860 -4.694364
2861 -4.694814
2862 -4.695266
2863 -4.695715
2864 -4.696168
2865 -4.696617
2866 -4.697070
2867 -4.697519
2868 -4.697972
2869 -4.698421
2870 -4.698874
2871 -4.699323
2872 -4.699776
2873 -4.700225
2874 -4.700678
2875 -4.701127
2876 -4.701580
2877 -4.702029
2878 -4.702482
2879 -4.702931
2880 -4.703384
2881 -4.703833
2882 -4.704286
2883 -4.704735
2884 -4.705187
2885 -4.705637
2886 -4.706089
2887 -4.706539
2888 -4.706991
2889 -4.707441
2890 -4.707893
2891 -4.708343
2892 -4.708795
2893 -4.709244
2894 -4.709697
2895 -4.710146
2896 -4.710599
2897 -4.711048
2898 -4.711501
2899 -4.711950
2900 -4.712403
2901 -4.712852
2902 -4.713305
2903 -4.713754
2904 -4.714207
2905 -4.714656
2906 -4.715108
2907 -4.715558
2908 -4.716010
2909 -4.716460
2910 -4.716912
2911 -4.717362
2912 -4.717814
2913 -4.718264
2914 -4.718716
2915 -4.719166
2916 -4.719618
2917 -4.720068
2918 -4.720520
2919 -4.720970
2920 -4.721422
2921 -4.721871
2922 -4.722324
2923 -4.722773
2924 -4.723226
2925 -4.723675
2926 -4.724128
2927 -4.724577
2928 -4.725029
2929 -4.725479
2930 -4.725931
2931 -4.726381
2932 -4.726833
2933 -4.727283
2934 -4.727735
2935 -4.728185
2936 -4.728637
2937 -4.729087
2938 -4.729539
2939 -4.729989
2940 -4.730441
2941 -4.730891
2942 -4.731343
2943 -4.731793
2944 -4.732245
2945 -4.732695
2946 -4.733147
2947 -4.733597
2948 -4.734049
2949 -4.734498
2950 -4.734951
2951 -4.735400
2952 -4.735852
2953 -4.736302
2954 -4.736754
2955 -4.737204
2956 -4.737656
2957 -4.738106
2958 -4.738558
2959 -4.739008
2960 -4.739460
2961 -4.739910
2962 -4.740362
2963 -4.740812
2964 -4.741264
2965 -4.741714
2966 -4.742166
2967 -4.742616
2968 -4.743068
2969 -4.743518
2970 -4.743970
2971 -4.744420
2972 -4.744872
2973 -4.745322
2974 -4.745774
2975 -4.746223
2976 -4.746675
2977 -4.747125
2978 -4.747577
2979 -4.748027
2980 -4.748479
2981 -4.748929
2982 -4.749381
2983 -4.749831
2984 -4.750283
2985 -4.750733
2986 -4.751185
2987 -4.751635
2988 -4.752087
2989 -4.752537
2990 -4.752989
2991 -4.753439
2992 -4.753891
2993 -4.754341
2994 -4.754793
2995 -4.755243
2996 -4.755695
2997 -4.756145
2998 -4.756596
2999 -4.757047
3000 -4.757498
3001 -4.757949
3002 -4.758400
3003 -4.758850
3004 -4.759302
3005 -4.759752
3006 -4.760204
3007 -4.760654
3008 -4.761106
3009 -4.761556
3010 -4.762008
3011 -4.762458
3012 -4.762910
3013 -4.763360
3014 -4.763812
3015 -4.764262
3016 -4.764714
3017 -4.765164
3018 -4.765616
3019 -4.766066
3020 -4.766518
3021 -4.766968
3022 -4.767419
3023 -4.767870
3024 -4.768321
3025 -4.768772
3026 -4.769223
3027 -4.769673
3028 -4.770125
3029 -4.770575
3030 -4.771027
3031 -4.771477
3032 -4.771929
3033 -4.772379
3034 -4.772831
3035 -4.773281
3036 -4.773733
3037 -4.774183
3038 -4.774635
3039 -4.775085
3040 -4.775537
3041 -4.775987
3042 -4.776439
3043 -4.776889
3044 -4.777340
3045 -4.777791
3046 -4.778242
3047 -4.778693
3048 -4.779144
3049 -4.779595
3050 -4.780046
3051 -4.780497
3052 -4.780948
3053 -4.781398
3054 -4.781850
3055 -4.782300
3056 -4.782752
3057 -4.783202
3058 -4.783654
3059 -4.784104
3060 -4.784556
3061 -4.785006
3062 -4.785458
3063 -4.785908
3064 -4.786360
3065 -4.786810
3066 -4.787261
3067 -4.787712
3068 -4.788163
3069 -4.788614
3070 -4.789065
3071 -4.789516
3072 -4.789967
3073 -4.790418
3074 -4.790869
3075 -4.791320
3076 -4.791771
3077 -4.792221
3078 -4.792673
3079 -4.793123
3080 -4.793575
3081 -4.794025
3082 -4.794477
3083 -4.794927
3084 -4.795379
3085 -4.795829
3086 -4.796281
3087 -4.796731
3088 -4.797183
3089 -4.797633
3090 -4.798084
3091 -4.798535
3092 -4.798986
3093 -4.799437
3094 -4.799888
3095 -4.800339
3096 -4.800790
3097 -4.801241
3098 -4.801692
3099 -4.802143
3100 -4.802594
3101 -4.803044
3102 -4.803496
3103 -4.803946
3104 -4.804398
3105 -4.804848
3106 -4.805300
3107 -4.805750
3108 -4.806202
3109 -4.806652
3110 -4.807104
3111 -4.807554
3112 -4.808005
3113 -4.808456
3114 -4.808907
3115 -4.809358
3116 -4.809809
3117 -4.810260
3118 -4.810711
3119 -4.811162
3120 -4.811613
3121 -4.812064
3122 -4.812515
3123 -4.812966
3124 -4.813417
3125 -4.813867
3126 -4.814319
3127 -4.814769
3128 -4.815221
3129 -4.815671
3130 -4.816123
3131 -4.816573
3132 -4.817025
3133 -4.817475
3134 -4.817926
3135 -4.818377
3136 -4.818828
3137 -4.819279
3138 -4.819730
3139 -4.820181
3140 -4.820632
3141 -4.821083
3142 -4.821534
3143 -4.821985
3144 -4.822436
3145 -4.822887
3146 -4.823338
3147 -4.823788
3148 -4.824240
3149 -4.824690
3150 -4.825142
3151 -4.825592
3152 -4.826044
3153 -4.826494
3154 -4.826946
3155 -4.827396
3156 -4.827847
3157 -4.828298
3158 -4.828749
3159 -4.829200
3160 -4.829651
3161 -4.830102
3162 -4.830553
3163 -4.831004
3164 -4.831455
3165 -4.831906
3166 -4.832357
3167 -4.832808
3168 -4.833259
3169 -4.833709
3170 -4.834161
3171 -4.834611
3172 -4.835063
3173 -4.835513
3174 -4.835965
3175 -4.836415
3176 -4.836866
3177 -4.837317
3178 -4.837768
3179 -4.838219
3180 -4.838670
3181 -4.839121
3182 -4.839572
3183 -4.840023
3184 -4.840474
3185 -4.840925
3186 -4.841376
3187 -4.841827
3188 -4.842278
3189 -4.842729
3190 -4.843180
3191 -4.843630
3192 -4.844082
3193 -4.844532
3194 -4.844984
3195 -4.845434
3196 -4.845886
3197 -4.846336
3198 -4.846787
3199 -4.847238
3200 -4.847689
3201 -4.848140
3202 -4.848591
3203 -4.849042
3204 -4.849493
3205 -4.849944
3206 -4.850395
3207 -4.850846
3208 -4.851297
3209 -4.851748
3210 -4.852199
3211 -4.852650
3212 -4.853101
3213 -4.853551
3214 -4.854003
3215 -4.854453
3216 -4.854905
3217 -4.855355
3218 -4.855806
3219 -4.856257
3220 -4.856708
3221 -4.857159
3222 -4.857610
3223 -4.858061
3224 -4.858512
3225 -4.858963
3226 -4.859414
3227 -4.859865
3228 -4.860316
3229 -4.860767
3230 -4.861218
3231 -4.861669
3232 -4.862120
3233 -4.862571
3234 -4.863022
3235 -4.863472
3236 -4.863924
3237 -4.864374
3238 -4.864825
3239 -4.865276
3240 -4.865727
3241 -4.866178
3242 -4.866629
3243 -4.867080
3244 -4.867531
3245 -4.867982
3246 -4.868433
3247 -4.868884
3248 -4.869335
3249 -4.869786
3250 -4.870237
3251 -4.870688
3252 -4.871139
3253 -4.871590
3254 -4.872041
3255 -4.872491
3256 -4.872943
3257 -4.873393
3258 -4.873844
3259 -4.874295
3260 -4.874746
3261 -4.875197
3262 -4.875648
3263 -4.876099
3264 -4.876550
3265 -4.877001
3266 -4.877452
3267 -4.877903
3268 -4.878354
3269 -4.878805
3270 -4.879256
3271 -4.879707
3272 -4.880158
3273 -4.880609
3274 -4.881060
3275 -4.881510
3276 -4.881962
3277 -4.882412
3278 -4.882863
3279 -4.883314
3280 -4.883765
3281 -4.884216
3282 -4.884667
3283 -4.885118
3284 -4.885569
3285 -4.886020
3286 -4.886471
3287 -4.886922
3288 -4.887373
3289 -4.887824
3290 -4.888275
3291 -4.888726
3292 -4.889177
3293 -4.889628
3294 -4.890079
3295 -4.890529
3296 -4.890980
3297 -4.891431
3298 -4.891882
3299 -4.892333
3300 -4.892784
3301 -4.893235
3302 -4.893686
3303 -4.894137
3304 -4.894588
3305 -4.895039
3306 -4.895490
3307 -4.895941
3308 -4.896392
3309 -4.896843
3310 -4.897294
3311 -4.897745
3312 -4.898196
3313 -4.898646
3314 -4.899098
3315 -4.899548
3316 -4.899999
3317 -4.900450
3318 -4.900901
3319 -4.901352
3320 -4.901803
3321 -4.902254
3322 -4.902705
3323 -4.903156
3324 -4.903607
3325 -4.904058
3326 -4.904509
3327 -4.904960
3328 -4.905411
3329 -4.905862
3330 -4.906313
3331 -4.906763
3332 -4.907215
3333 -4.907665
3334 -4.908116
3335 -4.908567
3336 -4.909018
3337 -4.909469
3338 -4.909920
3339 -4.910371
3340 -4.910822
3341 -4.911273
3342 -4.911724
3343 -4.912175
3344 -4.912626
3345 -4.913077
3346 -4.913528
3347 -4.913979
3348 -4.914430
3349 -4.914880
3350 -4.915332
3351 -4.915782
3352 -4.916233
3353 -4.916684
3354 -4.917135
3355 -4.917586
3356 -4.918037
3357 -4.918488
3358 -4.918939
3359 -4.919390
3360 -4.919841
3361 -4.920292
3362 -4.920743
3363 -4.921194
3364 -4.921645
3365 -4.922096
3366 -4.922547
3367 -4.922997
3368 -4.923448
3369 -4.923899
3370 -4.924350
3371 -4.924801
3372 -4.925252
3373 -4.925703
3374 -4.926154
3375 -4.926605
3376 -4.927056
3377 -4.927507
3378 -4.927958
3379 -4.928409
3380 -4.928860
3381 -4.929311
3382 -4.929762
3383 -4.930212
3384 -4.930664
3385 -4.931114
3386 -4.931565
3387 -4.932016
3388 -4.932467
3389 -4.932918
3390 -4.933369
3391 -4.933820
3392 -4.934271
3393 -4.934722
3394 -4.935173
3395 -4.935624
3396 -4.936075
3397 -4.936526
3398 -4.936977
3399 -4.937428
3400 -4.937879
3401 -4.938329
3402 -4.938780
3403 -4.939231
3404 -4.939682
3405 -4.940133
3406 -4.940584
3407 -4.941035
3408 -4.941486
3409 -4.941937
3410 -4.942388
3411 -4.942839
3412 -4.943290
3413 -4.943741
3414 -4.944192
3415 -4.944643
3416 -4.945094
3417 -4.945544
3418 -4.945995
3419 -4.946446
3420 -4.946897
3421 -4.947348
3422 -4.947799
3423 -4.948250
3424 -4.948701
3425 -4.949152
3426 -4.949603
3427 -4.950054
3428 -4.950505
3429 -4.950956
3430 -4.951407
3431 -4.951858
3432 -4.952309
3433 -4.952759
3434 -4.953210
3435 -4.953661
3436 -4.954112
3437 -4.954563
3438 -4.955014
3439 -4.955465
3440 -4.955916
3441 -4.956367
3442 -4.956818
3443 -4.957269
3444 -4.957720
3445 -4.958171
3446 -4.958622
3447 -4.959072
3448 -4.959523
3449 -4.959974
3450 -4.960425
3451 -4.960876
3452 -4.961327
3453 -4.961778
3454 -4.962229
3455 -4.962680
3456 -4.963131
3457 -4.963582
3458 -4.964033
3459 -4.964484
3460 -4.964935
3461 -4.965386
3462 -4.965837
3463 -4.966287
3464 -4.966738
3465 -4.967189
3466 -4.967640
3467 -4.968091
3468 -4.968542
3469 -4.968993
3470 -4.969444
3471 -4.969895
3472 -4.970346
3473 -4.970797
3474 -4.971248
3475 -4.971699
3476 -4.972150
3477 -4.972600
3478 -4.973051
3479 -4.973502
3480 -4.973953
3481 -4.974404
3482 -4.974855
3483 -4.975306
3484 -4.975757
3485 -4.976208
3486 -4.976659
3487 -4.977110
3488 -4.977561
3489 -4.978012
3490 -4.978463
3491 -4.978913
3492 -4.979364
3493 -4.979815
3494 -4.980266
3495 -4.980717
3496 -4.981168
3497 -4.981619
3498 -4.982070
3499 -4.982521
3500 -4.982972
3501 -4.983423
3502 -4.983874
3503 -4.984325
3504 -4.984776
3505 -4.985226
3506 -4.985677
3507 -4.986128
3508 -4.986579
3509 -4.987030
3510 -4.987481
3511 -4.987932
3512 -4.988383
3513 -4.988834
3514 -4.989285
3515 -4.989736
3516 -4.990187
3517 -4.990638
3518 -4.991088
3519 -4.991539
3520 -4.991990
3521 -4.992441
3522 -4.992892
3523 -4.993343
3524 -4.993794
3525 -4.994245
3526 -4.994696
3527 -4.995147
3528 -4.995598
3529 -4.996049
3530 -4.996500
3531 -4.996950
3532 -4.997401
3533 -4.997852
3534 -4.998303
3535 -4.998754
3536 -4.999205
3537 -4.999656
