RK-2 
      x         u0             u          w0            w
0.0000000000, 0.0000000000, 0.0000000000 0.0000000000 0.0000000000
0.2617993878, 0.2588190451, 0.0007395530 0.0000000000 0.0028574134
0.5235987756, 0.5000000000, 0.0014287067 0.0000000000 0.0000000000
0.7853981634, 0.7071067812, 0.0020204964 0.0000000000 -0.0000000000
1.0471975512, 0.8660254038, 0.0024745926 0.0000000000 0.0000000000
1.3089969390, 0.9659258263, 0.0027600494 0.0000000000 -0.0000000000
1.5707963268, 1.0000000000, 0.0028574134 0.0000000000 0.0000000000
1.8325957146, 0.9659258263, 0.0027600494 0.0000000000 -0.0000000000
2.0943951024, 0.8660254038, 0.0024745926 0.0000000000 -0.0000000000
2.3561944902, 0.7071067812, 0.0020204964 0.0000000000 0.0000000000
2.6179938780, 0.5000000000, 0.0014287067 0.0000000000 -0.0000000000
2.8797932658, 0.2588190451, 0.0007395530 0.0000000000 0.0000000000
3.1415926536, 0.0000000000, 0.0000000000 0.0000000000 0.0000000000

