Caso5, CFL = 1.10, n = 1

0.0000000000
0.0000000000
0.0000000000
0.0000000000
0.0000000000
0.0000000000
0.0000000000
0.0000000000
0.0000000000
0.0000000000
1.0000000000

Caso5, CFL = 1.10, n = 2

0.0000000000
0.0000000000
0.0000000000
0.0000000000
0.0000000000
0.0000000000
0.0000000000
0.0000000000
0.0000000000
-1.1000000000
1.0000000000

Caso5, CFL = 1.10, n = 3

0.0000000000
0.0000000000
0.0000000000
0.0000000000
0.0000000000
0.0000000000
0.0000000000
0.0000000000
1.2100000000
-1.1000000000
1.0000000000

Caso5, CFL = 1.10, n = 4

0.0000000000
0.0000000000
0.0000000000
0.0000000000
0.0000000000
0.0000000000
0.0000000000
-1.3310000000
1.2100000000
-0.8690000000
1.0000000000

Caso5, CFL = 1.10, n = 5

0.0000000000
0.0000000000
0.0000000000
0.0000000000
0.0000000000
0.0000000000
1.4641000000
-1.3310000000
0.7018000000
-0.8690000000
1.0000000000

Caso5, CFL = 1.10, n = 6

0.0000000000
0.0000000000
0.0000000000
0.0000000000
0.0000000000
-1.6105100000
1.4641000000
-0.4924700000
0.7018000000
-1.1970200000
1.0000000000

Caso5, CFL = 1.10, n = 7

0.0000000000
0.0000000000
0.0000000000
0.0000000000
1.7715610000
-1.6105100000
0.2342560000
-0.4924700000
1.4768050000
-1.1970200000
1.0000000000

Caso5, CFL = 1.10, n = 8

0.0000000000
0.0000000000
0.0000000000
-1.9487171000
1.7715610000
0.0805255000
0.2342560000
-1.8592739000
1.4768050000
-0.6725345000
1.0000000000

Caso5, CFL = 1.10, n = 9

0.0000000000
0.0000000000
2.1435888100
-1.9487171000
-0.4606058600
0.0805255000
2.3680353400
-1.8592739000
0.1713916600
-0.6725345000
1.0000000000

Caso5, CFL = 1.10, n = 10

0.0000000000
-2.3579476910
2.1435888100
0.9158970370
-0.4606058600
-3.0309798200
2.3680353400
0.5570341480
0.1713916600
-1.5840036740
1.0000000000


n = 10, G = 1.234198, L2 Norm = 2.132310

Caso5, CFL = 1.10, n = 11

0.0000000000
-2.3579476910
-1.4576403908
0.9158970370
3.8809586827
-3.0309798200
-1.5787800248
0.5570341480
2.5265332642
-1.5840036740
1.0000000000

Caso5, CFL = 1.10, n = 12

0.0000000000
-0.7545432611
-1.4576403908
-4.9565619439
3.8809586827
2.9747327583
-1.5787800248
-3.9588104699
2.5265332642
0.0951829166
1.0000000000

Caso5, CFL = 1.10, n = 13

0.0000000000
-0.7545432611
3.1645801602
-4.9565619439
-4.8434654896
2.9747327583
6.0481175262
-3.9588104699
-1.9328594610
0.0951829166
1.0000000000

Caso5, CFL = 1.10, n = 14

0.0000000000
-4.2355814373
3.1645801602
3.8522882709
-4.8434654896
-9.0060085591
6.0481175262
4.8202642160
-1.9328594610
-3.1309624904
1.0000000000

Caso5, CFL = 1.10, n = 15

0.0000000000
-4.2355814373
-5.7320765189
3.8522882709
9.3006610234
-9.0060085591
-9.1607825264
4.8202642160
6.8134899161
-3.1309624904
1.0000000000

Caso5, CFL = 1.10, n = 16

0.0000000000
2.0697027335
-5.7320765189
-12.6837230256
9.3006610234
11.3015793457
-9.1607825264
-12.7514354708
6.8134899161
3.2638764172
1.0000000000

Caso5, CFL = 1.10, n = 17

0.0000000000
2.0697027335
10.4966918161
-12.6837230256
-17.0831715851
11.3015793457
17.2975337717
-12.7514354708
-10.8033531607
3.2638764172
1.0000000000

Caso5, CFL = 1.10, n = 18

0.0000000000
-9.4766582643
10.4966918161
17.6541267156
-17.0831715851
-26.5171965467
17.2975337717
18.1595401549
-10.8033531607
-9.7198120596
1.0000000000

Caso5, CFL = 1.10, n = 19

0.0000000000
-9.4766582643
-19.3471716618
17.6541267156
31.5052840036
-26.5171965467
-31.8468766001
18.1595401549
19.8639342752
-9.7198120596
1.0000000000

Caso5, CFL = 1.10, n = 20

0.0000000000
11.8052305637
-19.3471716618
-38.2835745162
31.5052840036
43.1701801173
-31.8468766001
-38.7223518079
19.8639342752
11.0305156432
1.0000000000

Caso5, CFL = 1.10, n = 21

0.0000000000
11.8052305637
35.7505139261
-38.2835745162
-58.0938460933
43.1701801173
58.2349085176
-38.7223518079
-34.8642199210
11.0305156432
1.0000000000

Caso5, CFL = 1.10, n = 22

0.0000000000
-27.5203347551
35.7505139261
64.9452215052
-58.0938460933
-84.7914499548
58.2349085176
63.6866894746
-34.8642199210
-28.4201262699
1.0000000000

Caso5, CFL = 1.10, n = 23

0.0000000000
-27.5203347551
-65.9615979601
64.9452215052
106.6164925126
-84.7914499548
-105.0910448546
63.6866894746
66.4532773980
-28.4201262699
1.0000000000

Caso5, CFL = 1.10, n = 24

0.0000000000
45.0374230011
-65.9615979601
-124.8906780148
106.6164925126
148.0868411492
-105.0910448546
-125.0120650033
66.4532773980
43.5784788678
1.0000000000

Caso5, CFL = 1.10, n = 25

0.0000000000
45.0374230011
120.9593131574
-124.8906780148
-193.6587785678
148.0868411492
195.3177519131
-125.0120650033
-118.9963208602
43.5784788678
1.0000000000

Caso5, CFL = 1.10, n = 26

0.0000000000
-88.0178214720
120.9593131574
221.1892228829
-193.6587785678
-279.7873423798
195.3177519131
220.7334150474
-118.9963208602
-88.4174740784
1.0000000000

Caso5, CFL = 1.10, n = 27

0.0000000000
-88.0178214720
-219.1684356331
221.1892228829
357.4154432211
-279.7873423798
-355.2550812568
220.7334150474
221.0696571782
-88.4174740784
1.0000000000

Caso5, CFL = 1.10, n = 28

0.0000000000
153.0674577243
-219.1684356331
-413.0530438567
357.4154432211
504.1502345460
-355.2550812568
-413.2237972311
221.0696571782
153.6591488176
1.0000000000

Caso5, CFL = 1.10, n = 29

0.0000000000
153.0674577243
403.5641161061
-413.0530438567
-651.5081630218
504.1502345460
653.8563536980
-413.2237972311
-402.5015834754
153.6591488176
1.0000000000

Caso5, CFL = 1.10, n = 30

0.0000000000
-290.8530699924
403.5641161061
747.5264631840
-651.5081630218
-931.7507338458
653.8563536980
748.7699336596
-402.5015834754
-290.1925930054
1.0000000000


n = 30, G = 1.353583, L2 Norm = 781.485473

Caso5, CFL = 1.10, n = 31

0.0000000000
-290.8530699924
-738.6533703879
747.5264631840
1195.6967537110
-931.7507338458
-1194.7163805579
748.7699336596
740.3571958560
-290.1925930054
1.0000000000

Caso5, CFL = 1.10, n = 32

0.0000000000
521.6656374343
-738.6533703879
-1380.2586733248
1195.6967537110
1697.7037138500
-1194.7163805579
-1379.8110003958
740.3571958560
523.1003224363
1.0000000000

Caso5, CFL = 1.10, n = 33

0.0000000000
521.6656374343
1353.4633714471
-1380.2586733248
-2190.0618721812
1697.7037138500
2190.5498051124
-1379.8110003958
-1352.8452592592
523.1003224363
1.0000000000

Caso5, CFL = 1.10, n = 34

0.0000000000
-967.1440711575
1353.4633714471
2517.6190946664
-2190.0618721812
-3120.9691311730
2190.5498051124
2517.9235704130
-1352.8452592592
-966.1294627489
1.0000000000

Caso5, CFL = 1.10, n = 35

0.0000000000
-967.1440711575
-2479.7761109592
2517.6190946664
4012.3851762421
-3120.9691311730
-4012.2321666323
2517.9235704130
2479.6130772189
-966.1294627489
1.0000000000

Caso5, CFL = 1.10, n = 36

0.0000000000
1760.6096508976
-2479.7761109592
-4623.7583212551
4012.3851762421
5706.1099459888
-4012.2321666323
-4623.1061978232
2479.6130772189
1760.3449221919
1.0000000000

Caso5, CFL = 1.10, n = 37

0.0000000000
1760.6096508976
4543.0286584088
-4623.7583212551
-7350.4699177261
5706.1099459888
7349.9055915610
-4623.1061978232
-4542.1831547977
1760.3449221919
1.0000000000

Caso5, CFL = 1.10, n = 38

0.0000000000
-3236.7218733520
4543.0286584088
8459.0901124933
-7350.4699177261
-10464.3031142270
7349.9055915610
8458.1914231713
-4542.1831547977
-3237.1565480856
1.0000000000

Caso5, CFL = 1.10, n = 39

0.0000000000
-3236.7218733520
-8322.3645260211
8459.0901124933
13465.2626316662
-10464.3031142270
-13464.8383995772
8458.1914231713
8322.6996135850
-3237.1565480856
1.0000000000

Caso5, CFL = 1.10, n = 40

0.0000000000
5917.8791052712
-8322.3645260211
-15507.2997609627
13465.2626316662
19158.8080201408
-13464.8383995772
-15508.1003913070
8322.6996135850
5916.7130268578
1.0000000000

Caso5, CFL = 1.10, n = 41

0.0000000000
5917.8791052712
15245.3322268362
-15507.2997609627
-24667.4559275476
19158.8080201408
24668.7608530154
-15508.1003913070
-15244.5951463964
5916.7130268578
1.0000000000

Caso5, CFL = 1.10, n = 42

0.0000000000
-10851.9863442487
15245.3322268362
28396.7672088595
-24667.4559275476
-35111.0304384786
24668.7608530154
28396.5912080459
-15244.5951463964
-10853.4416341782
1.0000000000

Caso5, CFL = 1.10, n = 43

0.0000000000
-10851.9863442487
-27928.2966815828
28396.7672088595
45191.1214845243
-35111.0304384786
-45189.6229581615
28396.5912080459
27930.4409800501
-10853.4416341782
1.0000000000

Caso5, CFL = 1.10, n = 44

0.0000000000
19869.1400054924
-27928.2966815828
-52034.5927738582
45191.1214845243
64307.7884484758
-45189.6229581615
-52035.4791239869
27930.4409800501
19868.9434438770
1.0000000000

Caso5, CFL = 1.10, n = 45

0.0000000000
19869.1400054924
51165.8093757029
-52034.5927738582
-82785.4978600432
64307.7884484758
82787.9713715475
-52035.4791239869
-51164.4238446002
19868.9434438770
1.0000000000

Caso5, CFL = 1.10, n = 46

0.0000000000
-36413.2503077808
51165.8093757029
95311.8451854625
-82785.4978600432
-117823.0277062740
82787.9713715475
95312.1556137755
-51164.4238446002
-36413.0227851832
1.0000000000

Caso5, CFL = 1.10, n = 47

0.0000000000
-36413.2503077808
-93731.7956668647
95311.8451854625
151662.8623208670
-117823.0277062740
-151660.7302805069
95312.1556137755
93733.2723942544
-36413.0227851832
1.0000000000

Caso5, CFL = 1.10, n = 48

0.0000000000
66691.7249257704
-93731.7956668647
-174622.2786010423
151662.8623208670
215832.9241552374
-151660.7302805069
-174621.2473284620
93733.2723942544
66692.4768484966
1.0000000000

Caso5, CFL = 1.10, n = 49

0.0000000000
66691.7249257704
171713.6082126293
-174622.2786010423
-277837.8607110408
215832.9241552374
277838.8583515624
-174621.2473284620
-171711.8242004002
66692.4768484966
1.0000000000

Caso5, CFL = 1.10, n = 50

0.0000000000
-122193.2441081219
171713.6082126293
319884.3372149948
-277837.8607110408
-395411.4668136262
277838.8583515624
319884.5034786968
-171711.8242004002
-122191.6297719435
1.0000000000

