Caso10, CFL = 0.50, n = 1

0.0000000000
0.0000000000
0.0000000000
0.0000000000
0.0000000000
0.0000000000
0.0000000000
0.0000000000
0.0000000000
0.0000000000
1.0000000000

Caso10, CFL = 0.50, n = 2

0.0000000000
0.0000000000
0.0000000000
0.0000000000
0.0000000000
0.0000000000
0.0000000000
0.0000000000
0.0000000000
-0.1250000000
1.0000000000

Caso10, CFL = 0.50, n = 3

0.0000000000
0.0000000000
0.0000000000
0.0000000000
0.0000000000
0.0000000000
0.0000000000
0.0000000000
0.0156250000
-0.2187500000
1.0000000000

Caso10, CFL = 0.50, n = 4

0.0000000000
0.0000000000
0.0000000000
0.0000000000
0.0000000000
0.0000000000
0.0000000000
-0.0019531250
0.0390625000
-0.2832031250
1.0000000000

Caso10, CFL = 0.50, n = 5

0.0000000000
0.0000000000
0.0000000000
0.0000000000
0.0000000000
0.0000000000
0.0002441406
-0.0063476562
0.0639648438
-0.3227539062
1.0000000000

Caso10, CFL = 0.50, n = 6

0.0000000000
0.0000000000
0.0000000000
0.0000000000
0.0000000000
-0.0000305176
0.0009765625
-0.0126647949
0.0859375000
-0.3430786133
1.0000000000

Caso10, CFL = 0.50, n = 7

0.0000000000
0.0000000000
0.0000000000
0.0000000000
0.0000038147
-0.0001449585
0.0023040771
-0.0198745728
0.1025886536
-0.3500823975
1.0000000000

Caso10, CFL = 0.50, n = 8

0.0000000000
0.0000000000
0.0000000000
-0.0000004768
0.0000209808
-0.0003952980
0.0041580200
-0.0268654823
0.1132488251
-0.3490910530
1.0000000000

Caso10, CFL = 0.50, n = 9

0.0000000000
0.0000000000
0.0000000596
-0.0000029802
0.0000649691
-0.0008083582
0.0063284636
-0.0327459574
0.1184984446
-0.3443499804
1.0000000000

Caso10, CFL = 0.50, n = 10

0.0000000000
-0.0000000075
0.0000004172
-0.0000103340
0.0001486540
-0.0013729632
0.0085364580
-0.0369985998
0.1196378469
-0.3388255686
1.0000000000


n = 10, G = 0.998590, L2 Norm = 0.335764

Caso10, CFL = 0.50, n = 11

0.0000000000
-0.0000000577
0.0000016019
-0.0000261758
0.0002792357
-0.0020410344
0.0105123073
-0.0395025089
0.1182071064
-0.3342549838
1.0000000000

Caso10, CFL = 0.50, n = 12

0.0000000000
-0.0000002435
0.0000044517
-0.0000539356
0.0004547401
-0.0027401008
0.0120566562
-0.0404606548
0.1156237619
-0.3313635730
1.0000000000

Caso10, CFL = 0.50, n = 13

0.0000000000
-0.0000007391
0.0000099894
-0.0000956248
0.0006633419
-0.0033916301
0.0130725362
-0.0402772152
0.1129655225
-0.3301637690
1.0000000000

Caso10, CFL = 0.50, n = 14

0.0000000000
-0.0000018030
0.0000191680
-0.0001508903
0.0008856009
-0.0039290364
0.0135671927
-0.0394264007
0.1108906573
-0.3302607558
1.0000000000

Caso10, CFL = 0.50, n = 15

0.0000000000
-0.0000037483
0.0000325611
-0.0002166798
0.0010987463
-0.0043105761
0.0136303060
-0.0383434354
0.1096656872
-0.3311115704
1.0000000000

Caso10, CFL = 0.50, n = 16

0.0000000000
-0.0000068813
0.0000501002
-0.0002876427
0.0012816268
-0.0045246904
0.0133991929
-0.0373544227
0.1092594234
-0.3322090451
1.0000000000

Caso10, CFL = 0.50, n = 17

0.0000000000
-0.0000114235
0.0000709500
-0.0003571478
0.0014189404
-0.0045878069
0.0130219386
-0.0366485476
0.1094627897
-0.3331845000
1.0000000000

Caso10, CFL = 0.50, n = 18

0.0000000000
-0.0000174364
0.0000935722
-0.0004186222
0.0015037507
-0.0045364948
0.0126270948
-0.0362860324
0.1100019494
-0.3338398289
1.0000000000

Caso10, CFL = 0.50, n = 19

0.0000000000
-0.0000247738
0.0001159682
-0.0004668459
0.0015378916
-0.0044168515
0.0123048896
-0.0362296075
0.1106241785
-0.3341291406
1.0000000000

Caso10, CFL = 0.50, n = 20

0.0000000000
-0.0000330764
0.0001360417
-0.0004988828
0.0015304579
-0.0042740405
0.0121010488
-0.0363858943
0.1111481737
-0.3341127885
1.0000000000

Caso10, CFL = 0.50, n = 21

0.0000000000
-0.0000418125
0.0001519880
-0.0005144537
0.0014950174
-0.0041442397
0.0120212583
-0.0366450491
0.1114805185
-0.3339040263
1.0000000000

Caso10, CFL = 0.50, n = 22

0.0000000000
-0.0000503579
0.0001626180
-0.0005157219
0.0014463729
-0.0040502055
0.0120424849
-0.0369108798
0.1116064987
-0.3336228253
1.0000000000

Caso10, CFL = 0.50, n = 23

0.0000000000
-0.0000580957
0.0001675445
-0.0005066063
0.0013976597
-0.0040005749
0.0121268966
-0.0371180403
0.1115661473
-0.3333646820
1.0000000000

Caso10, CFL = 0.50, n = 24

0.0000000000
-0.0000645148
0.0001671983
-0.0004918330
0.0013583392
-0.0039921709
0.0122347119
-0.0372367124
0.1114259306
-0.3331862062
1.0000000000

Caso10, CFL = 0.50, n = 25

0.0000000000
-0.0000692859
0.0001626848
-0.0004759678
0.0013333384
-0.0040140899
0.0123335589
-0.0372677587
0.1112539565
-0.3331049307
1.0000000000

Caso10, CFL = 0.50, n = 26

0.0000000000
-0.0000723000
0.0001555274
-0.0004626363
0.0013232771
-0.0040522604
0.0124033553
-0.0372324790
0.1111031742
-0.3331084643
1.0000000000

Caso10, CFL = 0.50, n = 27

0.0000000000
-0.0000736659
0.0001473626
-0.0004540641
0.0013255018
-0.0040933858
0.0124369787
-0.0371609978
0.1110037591
-0.3331676579
1.0000000000

Caso10, CFL = 0.50, n = 28

0.0000000000
-0.0000736698
0.0001396552
-0.0004509749
0.0013355255
-0.0041275985
0.0124378391
-0.0370823512
0.1109634024
-0.3332493338
1.0000000000

Caso10, CFL = 0.50, n = 29

0.0000000000
-0.0000727092
0.0001334871
-0.0004528011
0.0013484784
-0.0041496067
0.0124158238
-0.0370179991
0.1109728368
-0.3333257244
1.0000000000

Caso10, CFL = 0.50, n = 30

0.0000000000
-0.0000712178
0.0001294495
-0.0004581030
0.0013602592
-0.0041585036
0.0123830152
-0.0369791700
0.1110135935
-0.3333794795
1.0000000000


n = 30, G = 1.000012, L2 Norm = 0.335415

Caso10, CFL = 0.50, n = 31

0.0000000000
-0.0000695945
0.0001276433
-0.0004650661
0.0013682187
-0.0041566574
0.0123502188
-0.0369674460
0.1110654413
-0.3334045121
1.0000000000

Caso10, CFL = 0.50, n = 32

0.0000000000
-0.0000681513
0.0001277678
-0.0004719607
0.0013713464
-0.0041481884
0.0123248483
-0.0369774326
0.1111118528
-0.3334038436
1.0000000000

Caso10, CFL = 0.50, n = 33

0.0000000000
-0.0000670845
0.0001292642
-0.0004774759
0.0013700481
-0.0041374924
0.0123102447
-0.0370002379
0.1111428328
-0.3333859379
1.0000000000

Caso10, CFL = 0.50, n = 34

0.0000000000
-0.0000664714
0.0001314759
-0.0004808889
0.0013656692
-0.0041281318
0.0123061536
-0.0370266908
0.1111552776
-0.3333608911
1.0000000000

Caso10, CFL = 0.50, n = 35

0.0000000000
-0.0000662880
0.0001337913
-0.0004820718
0.0013599351
-0.0041222421
0.0123099021
-0.0370496202
0.1111515605
-0.3333374392
1.0000000000

Caso10, CFL = 0.50, n = 36

0.0000000000
-0.0000664399
0.0001357444
-0.0004813740
0.0013544546
-0.0041204437
0.0123177883
-0.0370649469
0.1111372427
-0.3333212442
1.0000000000

Caso10, CFL = 0.50, n = 37

0.0000000000
-0.0000667980
0.0001370651
-0.0004794332
0.0013503812
-0.0041221358
0.0123262932
-0.0370716949
0.1111187325
-0.3333144671
1.0000000000

Caso10, CFL = 0.50, n = 38

0.0000000000
-0.0000672316
0.0001376787
-0.0004769731
0.0013482654
-0.0041259956
0.0123328808
-0.0370712528
0.1111014722
-0.3333163257
1.0000000000

Caso10, CFL = 0.50, n = 39

0.0000000000
-0.0000676336
0.0001376688
-0.0004746335
0.0013480836
-0.0041305073
0.0123363189
-0.0370662933
0.1110889250
-0.3333241922
1.0000000000

Caso10, CFL = 0.50, n = 40

0.0000000000
-0.0000679338
0.0001372182
-0.0004728598
0.0013493886
-0.0041343889
0.0123365856
-0.0370597160
0.1110823578
-0.3333347973
1.0000000000

Caso10, CFL = 0.50, n = 41

0.0000000000
-0.0000681026
0.0001365460
-0.0004718616
0.0013515176
-0.0041368442
0.0123345079
-0.0370538622
0.1110812245
-0.3333452138
1.0000000000

Caso10, CFL = 0.50, n = 42

0.0000000000
-0.0000681452
0.0001358537
-0.0004716311
0.0013537957
-0.0041376275
0.0123312971
-0.0370501092
0.1110838718
-0.3333534511
1.0000000000

Caso10, CFL = 0.50, n = 43

0.0000000000
-0.0000680906
0.0001352897
-0.0004720027
0.0013556885
-0.0041369594
0.0123281261
-0.0370488295
0.1110882943
-0.3333586364
1.0000000000

Caso10, CFL = 0.50, n = 44

0.0000000000
-0.0000679792
0.0001349336
-0.0004727294
0.0013568853
-0.0041353521
0.0123258385
-0.0370496116
0.1110927392
-0.3333608670
1.0000000000

Caso10, CFL = 0.50, n = 45

0.0000000000
-0.0000678511
0.0001347992
-0.0004735576
0.0013573095
-0.0041334119
0.0123248233
-0.0370516117
0.1110960584
-0.3333608730
1.0000000000

Caso10, CFL = 0.50, n = 46

0.0000000000
-0.0000677382
0.0001348500
-0.0004742822
0.0013570745
-0.0041316708
0.0123250395
-0.0370539073
0.1110977986
-0.3333596329
1.0000000000

Caso10, CFL = 0.50, n = 47

0.0000000000
-0.0000676599
0.0001350209
-0.0004747772
0.0013564089
-0.0041304801
0.0123261414
-0.0370557655
0.1110980878
-0.3333580502
1.0000000000

Caso10, CFL = 0.50, n = 48

0.0000000000
-0.0000676225
0.0001352404
-0.0004750012
0.0013555752
-0.0041299744
0.0123276467
-0.0370567821
0.1110974101
-0.3333567547
1.0000000000

Caso10, CFL = 0.50, n = 49

0.0000000000
-0.0000676220
0.0001354470
-0.0004749827
0.0013548028
-0.0041300960
0.0123290924
-0.0370568953
0.1110963586
-0.3333560373
1.0000000000

Caso10, CFL = 0.50, n = 50

0.0000000000
-0.0000676473
0.0001355998
-0.0004747947
0.0013542456
-0.0041306575
0.0123301452
-0.0370563066
0.1110954379
-0.3333558935
1.0000000000


n = 50, G = 1.000000, L2 Norm = 0.335412

