Caso8, CFL = 1.10, n = 1

0.0000000000
0.0000000000
0.0000000000
0.0000000000
0.0000000000
0.0000000000
0.0000000000
0.0000000000
0.0000000000
0.0000000000
1.0000000000

Caso8, CFL = 1.10, n = 2

0.0000000000
0.0000000000
0.0000000000
0.0000000000
0.0000000000
0.0000000000
0.0000000000
0.0000000000
0.0000000000
0.0550000000
1.0000000000

Caso8, CFL = 1.10, n = 3

0.0000000000
0.0000000000
0.0000000000
0.0000000000
0.0000000000
0.0000000000
0.0000000000
0.0000000000
0.0030250000
0.0434500000
1.0000000000

Caso8, CFL = 1.10, n = 4

0.0000000000
0.0000000000
0.0000000000
0.0000000000
0.0000000000
0.0000000000
0.0000000000
0.0001663750
0.0017545000
0.0493693750
1.0000000000

Caso8, CFL = 1.10, n = 5

0.0000000000
0.0000000000
0.0000000000
0.0000000000
0.0000000000
0.0000000000
0.0000091506
0.0000615587
0.0025390338
0.0466588788
1.0000000000

Caso8, CFL = 1.10, n = 6

0.0000000000
0.0000000000
0.0000000000
0.0000000000
0.0000000000
0.0000005033
0.0000014641
0.0001372885
0.0021041416
0.0481342194
1.0000000000

Caso8, CFL = 1.10, n = 7

0.0000000000
0.0000000000
0.0000000000
0.0000000000
0.0000000277
-0.0000000252
0.0000078247
0.0000885882
0.0023640805
0.0473220975
1.0000000000

Caso8, CFL = 1.10, n = 8

0.0000000000
0.0000000000
0.0000000000
0.0000000015
-0.0000000072
0.0000004676
0.0000032001
0.0001204584
0.0022085779
0.0477928726
1.0000000000

Caso8, CFL = 1.10, n = 9

0.0000000000
0.0000000000
0.0000000001
-0.0000000007
0.0000000290
0.0000000695
0.0000064933
0.0000998716
0.0023039361
0.0475144042
1.0000000000

Caso8, CFL = 1.10, n = 10

0.0000000000
0.0000000000
-0.0000000001
0.0000000018
-0.0000000031
0.0000003760
0.0000042096
0.0001132432
0.0022448174
0.0476830213
1.0000000000


n = 10, G = 0.999995, L2 Norm = 0.316586

Caso8, CFL = 1.10, n = 11

0.0000000000
-0.0000000000
0.0000000001
-0.0000000006
0.0000000235
0.0000001490
0.0000057787
0.0001045460
0.0022819504
0.0475793296
1.0000000000

Caso8, CFL = 1.10, n = 12

0.0000000000
0.0000000000
-0.0000000001
0.0000000016
0.0000000025
0.0000003136
0.0000047086
0.0001102270
0.0022584042
0.0476439935
1.0000000000

Caso8, CFL = 1.10, n = 13

0.0000000000
-0.0000000000
0.0000000001
-0.0000000003
0.0000000185
0.0000001961
0.0000054359
0.0001065030
0.0022734669
0.0476032182
1.0000000000

Caso8, CFL = 1.10, n = 14

0.0000000000
0.0000000000
-0.0000000000
0.0000000012
0.0000000066
0.0000002792
0.0000049426
0.0001089535
0.0022637599
0.0476291785
1.0000000000

Caso8, CFL = 1.10, n = 15

0.0000000000
-0.0000000000
0.0000000001
0.0000000001
0.0000000154
0.0000002208
0.0000052770
0.0001073352
0.0022700566
0.0476125152
1.0000000000

Caso8, CFL = 1.10, n = 16

0.0000000000
0.0000000000
-0.0000000000
0.0000000009
0.0000000090
0.0000002616
0.0000050503
0.0001084076
0.0022659486
0.0476232871
1.0000000000

Caso8, CFL = 1.10, n = 17

0.0000000000
-0.0000000000
0.0000000001
0.0000000003
0.0000000136
0.0000002332
0.0000052040
0.0001076947
0.0022686424
0.0476162804
1.0000000000

Caso8, CFL = 1.10, n = 18

0.0000000000
0.0000000000
0.0000000000
0.0000000008
0.0000000103
0.0000002529
0.0000050997
0.0001081700
0.0022668679
0.0476208631
1.0000000000

Caso8, CFL = 1.10, n = 19

0.0000000000
-0.0000000000
0.0000000000
0.0000000004
0.0000000126
0.0000002393
0.0000051705
0.0001078522
0.0022680416
0.0476178512
1.0000000000

Caso8, CFL = 1.10, n = 20

0.0000000000
0.0000000000
0.0000000000
0.0000000007
0.0000000110
0.0000002487
0.0000051224
0.0001080653
0.0022672624
0.0476198393
1.0000000000

Caso8, CFL = 1.10, n = 21

0.0000000000
0.0000000000
0.0000000000
0.0000000005
0.0000000121
0.0000002422
0.0000051551
0.0001079221
0.0022677815
0.0476185218
1.0000000000

Caso8, CFL = 1.10, n = 22

0.0000000000
0.0000000000
0.0000000000
0.0000000006
0.0000000113
0.0000002467
0.0000051329
0.0001080185
0.0022674346
0.0476193980
1.0000000000

Caso8, CFL = 1.10, n = 23

0.0000000000
0.0000000000
0.0000000000
0.0000000005
0.0000000119
0.0000002436
0.0000051481
0.0001079535
0.0022676670
0.0476188134
1.0000000000

Caso8, CFL = 1.10, n = 24

0.0000000000
0.0000000000
0.0000000000
0.0000000006
0.0000000115
0.0000002457
0.0000051377
0.0001079975
0.0022675109
0.0476192046
1.0000000000

Caso8, CFL = 1.10, n = 25

0.0000000000
0.0000000000
0.0000000000
0.0000000005
0.0000000118
0.0000002442
0.0000051448
0.0001079677
0.0022676160
0.0476189421
1.0000000000

Caso8, CFL = 1.10, n = 26

0.0000000000
0.0000000000
0.0000000000
0.0000000006
0.0000000116
0.0000002453
0.0000051399
0.0001079879
0.0022675451
0.0476191187
1.0000000000

Caso8, CFL = 1.10, n = 27

0.0000000000
0.0000000000
0.0000000000
0.0000000005
0.0000000117
0.0000002446
0.0000051432
0.0001079741
0.0022675930
0.0476189997
1.0000000000

Caso8, CFL = 1.10, n = 28

0.0000000000
0.0000000000
0.0000000000
0.0000000006
0.0000000116
0.0000002451
0.0000051410
0.0001079835
0.0022675606
0.0476190800
1.0000000000

Caso8, CFL = 1.10, n = 29

0.0000000000
0.0000000000
0.0000000000
0.0000000006
0.0000000117
0.0000002447
0.0000051425
0.0001079771
0.0022675826
0.0476190257
1.0000000000

Caso8, CFL = 1.10, n = 30

0.0000000000
0.0000000000
0.0000000000
0.0000000006
0.0000000116
0.0000002449
0.0000051415
0.0001079815
0.0022675676
0.0476190625
1.0000000000


n = 30, G = 1.000000, L2 Norm = 0.316587

Caso8, CFL = 1.10, n = 31

0.0000000000
0.0000000000
0.0000000000
0.0000000006
0.0000000117
0.0000002448
0.0000051422
0.0001079785
0.0022675778
0.0476190375
1.0000000000

Caso8, CFL = 1.10, n = 32

0.0000000000
0.0000000000
0.0000000000
0.0000000006
0.0000000117
0.0000002449
0.0000051417
0.0001079805
0.0022675709
0.0476190545
1.0000000000

Caso8, CFL = 1.10, n = 33

0.0000000000
0.0000000000
0.0000000000
0.0000000006
0.0000000117
0.0000002448
0.0000051420
0.0001079791
0.0022675756
0.0476190429
1.0000000000

Caso8, CFL = 1.10, n = 34

0.0000000000
0.0000000000
0.0000000000
0.0000000006
0.0000000117
0.0000002449
0.0000051418
0.0001079801
0.0022675724
0.0476190508
1.0000000000

Caso8, CFL = 1.10, n = 35

0.0000000000
0.0000000000
0.0000000000
0.0000000006
0.0000000117
0.0000002448
0.0000051420
0.0001079794
0.0022675746
0.0476190454
1.0000000000

Caso8, CFL = 1.10, n = 36

0.0000000000
0.0000000000
0.0000000000
0.0000000006
0.0000000117
0.0000002449
0.0000051418
0.0001079799
0.0022675731
0.0476190491
1.0000000000

Caso8, CFL = 1.10, n = 37

0.0000000000
0.0000000000
0.0000000000
0.0000000006
0.0000000117
0.0000002448
0.0000051419
0.0001079796
0.0022675741
0.0476190466
1.0000000000

Caso8, CFL = 1.10, n = 38

0.0000000000
0.0000000000
0.0000000000
0.0000000006
0.0000000117
0.0000002449
0.0000051419
0.0001079798
0.0022675734
0.0476190483
1.0000000000

Caso8, CFL = 1.10, n = 39

0.0000000000
0.0000000000
0.0000000000
0.0000000006
0.0000000117
0.0000002448
0.0000051419
0.0001079796
0.0022675739
0.0476190471
1.0000000000

Caso8, CFL = 1.10, n = 40

0.0000000000
0.0000000000
0.0000000000
0.0000000006
0.0000000117
0.0000002449
0.0000051419
0.0001079797
0.0022675736
0.0476190479
1.0000000000

Caso8, CFL = 1.10, n = 41

0.0000000000
0.0000000000
0.0000000000
0.0000000006
0.0000000117
0.0000002449
0.0000051419
0.0001079797
0.0022675738
0.0476190474
1.0000000000

Caso8, CFL = 1.10, n = 42

0.0000000000
0.0000000000
0.0000000000
0.0000000006
0.0000000117
0.0000002449
0.0000051419
0.0001079797
0.0022675736
0.0476190478
1.0000000000

Caso8, CFL = 1.10, n = 43

0.0000000000
0.0000000000
0.0000000000
0.0000000006
0.0000000117
0.0000002449
0.0000051419
0.0001079797
0.0022675737
0.0476190475
1.0000000000

Caso8, CFL = 1.10, n = 44

0.0000000000
0.0000000000
0.0000000000
0.0000000006
0.0000000117
0.0000002449
0.0000051419
0.0001079797
0.0022675737
0.0476190477
1.0000000000

Caso8, CFL = 1.10, n = 45

0.0000000000
0.0000000000
0.0000000000
0.0000000006
0.0000000117
0.0000002449
0.0000051419
0.0001079797
0.0022675737
0.0476190476
1.0000000000

Caso8, CFL = 1.10, n = 46

0.0000000000
0.0000000000
0.0000000000
0.0000000006
0.0000000117
0.0000002449
0.0000051419
0.0001079797
0.0022675737
0.0476190477
1.0000000000

Caso8, CFL = 1.10, n = 47

0.0000000000
0.0000000000
0.0000000000
0.0000000006
0.0000000117
0.0000002449
0.0000051419
0.0001079797
0.0022675737
0.0476190476
1.0000000000

Caso8, CFL = 1.10, n = 48

0.0000000000
0.0000000000
0.0000000000
0.0000000006
0.0000000117
0.0000002449
0.0000051419
0.0001079797
0.0022675737
0.0476190476
1.0000000000

Caso8, CFL = 1.10, n = 49

0.0000000000
0.0000000000
0.0000000000
0.0000000006
0.0000000117
0.0000002449
0.0000051419
0.0001079797
0.0022675737
0.0476190476
1.0000000000

Caso8, CFL = 1.10, n = 50

0.0000000000
0.0000000000
0.0000000000
0.0000000006
0.0000000117
0.0000002449
0.0000051419
0.0001079797
0.0022675737
0.0476190476
1.0000000000

