Caso2, CFL = 0.50, n = 1

0.0000000000
0.0000000000
0.0000000000
0.0000000000
0.0000000000
0.0000000000
0.0000000000
0.0000000000
0.0000000000
0.0000000000
1.0000000000

Caso2, CFL = 0.50, n = 2

0.0000000000
0.0000000000
0.0000000000
0.0000000000
0.0000000000
0.0000000000
0.0000000000
0.0000000000
0.0000000000
-0.5000000000
1.0000000000

Caso2, CFL = 0.50, n = 3

0.0000000000
0.0000000000
0.0000000000
0.0000000000
0.0000000000
0.0000000000
0.0000000000
0.0000000000
0.2500000000
-0.5000000000
1.0000000000

Caso2, CFL = 0.50, n = 4

0.0000000000
0.0000000000
0.0000000000
0.0000000000
0.0000000000
0.0000000000
0.0000000000
-0.1250000000
0.2500000000
-0.8750000000
1.0000000000

Caso2, CFL = 0.50, n = 5

0.0000000000
0.0000000000
0.0000000000
0.0000000000
0.0000000000
0.0000000000
0.0625000000
-0.1250000000
0.6250000000
-0.8750000000
1.0000000000

Caso2, CFL = 0.50, n = 6

0.0000000000
0.0000000000
0.0000000000
0.0000000000
0.0000000000
-0.0312500000
0.0625000000
-0.4062500000
0.6250000000
-1.0625000000
1.0000000000

Caso2, CFL = 0.50, n = 7

0.0000000000
0.0000000000
0.0000000000
0.0000000000
0.0156250000
-0.0312500000
0.2500000000
-0.4062500000
0.9531250000
-1.0625000000
1.0000000000

Caso2, CFL = 0.50, n = 8

0.0000000000
0.0000000000
0.0000000000
-0.0078125000
0.0156250000
-0.1484375000
0.2500000000
-0.7578125000
0.9531250000
-1.0859375000
1.0000000000

Caso2, CFL = 0.50, n = 9

0.0000000000
0.0000000000
0.0039062500
-0.0078125000
0.0859375000
-0.1484375000
0.5546875000
-0.7578125000
1.1171875000
-1.0859375000
1.0000000000

Caso2, CFL = 0.50, n = 10

0.0000000000
-0.0019531250
0.0039062500
-0.0488281250
0.0859375000
-0.3828125000
0.5546875000
-1.0390625000
1.1171875000
-1.0273437500
1.0000000000


n = 10, G = 1.051875, L2 Norm = 0.732335

Caso2, CFL = 0.50, n = 11

0.0000000000
-0.0019531250
0.0273437500
-0.0488281250
0.2529296875
-0.3828125000
0.8828125000
-1.0390625000
1.1113281250
-1.0273437500
1.0000000000

Caso2, CFL = 0.50, n = 12

0.0000000000
-0.0156250000
0.0273437500
-0.1616210938
0.2529296875
-0.6977539062
0.8828125000
-1.1533203125
1.1113281250
-0.9716796875
1.0000000000

Caso2, CFL = 0.50, n = 13

0.0000000000
-0.0156250000
0.1003417969
-0.1616210938
0.5209960938
-0.6977539062
1.1105957031
-1.1533203125
1.0205078125
-0.9716796875
1.0000000000

Caso2, CFL = 0.50, n = 14

0.0000000000
-0.0657958984
0.1003417969
-0.3719482422
0.5209960938
-0.9925537109
1.1105957031
-1.1082763672
1.0205078125
-0.9614257812
1.0000000000

Caso2, CFL = 0.50, n = 15

0.0000000000
-0.0657958984
0.2534179688
-0.3719482422
0.8312988281
-0.9925537109
1.1684570312
-1.1082763672
0.9470825195
-0.9614257812
1.0000000000

Caso2, CFL = 0.50, n = 16

0.0000000000
-0.1925048828
0.2534179688
-0.6608886719
0.8312988281
-1.1611328125
1.1684570312
-0.9975891113
0.9470825195
-0.9878845215
1.0000000000

Caso2, CFL = 0.50, n = 17

0.0000000000
-0.1925048828
0.4876098633
-0.6608886719
1.0814208984
-1.1611328125
1.0866851807
-0.9975891113
0.9422302246
-0.9878845215
1.0000000000

Caso2, CFL = 0.50, n = 18

0.0000000000
-0.4363098145
0.4876098633
-0.9577941895
1.0814208984
-1.1637649536
1.0866851807
-0.9253616333
0.9422302246
-1.0167694092
1.0000000000

Caso2, CFL = 0.50, n = 19

0.0000000000
-0.4363098145
0.7483520508
-0.9577941895
1.1844062805
-1.1637649536
0.9674835205
-0.9253616333
0.9879341125
-1.0167694092
1.0000000000

Caso2, CFL = 0.50, n = 20

0.0000000000
-0.8104858398
0.7483520508
-1.1758213043
1.1844062805
-1.0553035736
0.9674835205
-0.9355869293
0.9879341125
-1.0228023529
1.0000000000

Caso2, CFL = 0.50, n = 21

0.0000000000
-0.8104858398
0.9310197830
-1.1758213043
1.1241474152
-1.0553035736
0.9076251984
-0.9355869293
1.0315418243
-1.0228023529
1.0000000000

Caso2, CFL = 0.50, n = 22

0.0000000000
-1.2759957314
0.9310197830
-1.2723851204
1.1241474152
-0.9470424652
0.9076251984
-0.9975452423
1.0315418243
-1.0070314407
1.0000000000

Caso2, CFL = 0.50, n = 23

0.0000000000
-1.2759957314
0.9292144775
-1.2723851204
0.9614760876
-0.9470424652
0.9328765869
-0.9975452423
1.0362849236
-1.0070314407
1.0000000000

Caso2, CFL = 0.50, n = 24

0.0000000000
-1.7406029701
0.9292144775
-1.2885159254
0.9614760876
-0.9327427149
0.9328765869
-1.0492494106
1.0362849236
-0.9888889790
1.0000000000

Caso2, CFL = 0.50, n = 25

0.0000000000
-1.7406029701
0.7031709552
-1.2885159254
0.7835894823
-0.9327427149
0.9911299348
-1.0492494106
1.0061047077
-0.9888889790
1.0000000000

Caso2, CFL = 0.50, n = 26

0.0000000000
-2.0921884477
0.7031709552
-1.3287251890
0.7835894823
-1.0365129411
0.9911299348
-1.0567367971
1.0061047077
-0.9858366251
1.0000000000

Caso2, CFL = 0.50, n = 27

0.0000000000
-2.0921884477
0.3214393258
-1.3287251890
0.6374833584
-1.0365129411
1.0012418628
-1.0567367971
0.9706546217
-0.9858366251
1.0000000000

Caso2, CFL = 0.50, n = 28

0.0000000000
-2.2529081106
0.3214393258
-1.4867472053
0.6374833584
-1.2183921933
1.0012418628
-1.0414431766
0.9706546217
-1.0005093142
1.0000000000

Caso2, CFL = 0.50, n = 29

0.0000000000
-2.2529081106
-0.0616411269
-1.4867472053
0.5033058524
-1.2183921933
0.9127673544
-1.0414431766
0.9501876906
-1.0005093142
1.0000000000

Caso2, CFL = 0.50, n = 30

0.0000000000
-2.2220875472
-0.0616411269
-1.7692206949
0.5033058524
-1.4231229443
0.9127673544
-1.0601533446
0.9501876906
-1.0254154690
1.0000000000


n = 30, G = 0.986937, L2 Norm = 1.219241

Caso2, CFL = 0.50, n = 31

0.0000000000
-2.2220875472
-0.2880745530
-1.7692206949
0.3302569771
-1.4231229443
0.7312825546
-1.0601533446
0.9328187527
-1.0254154690
1.0000000000

Caso2, CFL = 0.50, n = 32

0.0000000000
-2.0780502707
-0.2880745530
-2.0783864600
0.3302569771
-1.6236357330
0.7312825546
-1.1609214437
0.9328187527
-1.0590060926
1.0000000000

Caso2, CFL = 0.50, n = 33

0.0000000000
-2.0780502707
-0.2879064584
-2.0783864600
0.1028816137
-1.6236357330
0.4999254099
-1.1609214437
0.8818610772
-1.0590060926
1.0000000000

Caso2, CFL = 0.50, n = 34

0.0000000000
-1.9340970415
-0.2879064584
-2.2737804960
0.1028816137
-1.8221576312
0.4999254099
-1.3518892773
0.8818610772
-1.1180755540
1.0000000000

Caso2, CFL = 0.50, n = 35

0.0000000000
-1.9340970415
-0.1180647311
-2.2737804960
-0.1229298188
-1.8221576312
0.2647912330
-1.3518892773
0.7649542155
-1.1180755540
1.0000000000

Caso2, CFL = 0.50, n = 36

0.0000000000
-1.8750646759
-0.1180647311
-2.2713479522
-0.1229298188
-2.0160181570
0.2647912330
-1.6019707686
0.7649542155
-1.2355984463
1.0000000000

Caso2, CFL = 0.50, n = 37

0.0000000000
-1.8750646759
0.0800769070
-2.2713479522
-0.2505947163
-2.0160181570
0.0577675388
-1.6019707686
0.5817680543
-1.2355984463
1.0000000000

Caso2, CFL = 0.50, n = 38

0.0000000000
-1.9151031294
0.0800769070
-2.1060121405
-0.2505947163
-2.1701992846
0.0577675388
-1.8639710264
0.5817680543
-1.4447144191
1.0000000000

Caso2, CFL = 0.50, n = 39

0.0000000000
-1.9151031294
0.1755314125
-2.1060121405
-0.2185011443
-2.1701992846
-0.0953465903
-1.8639710264
0.3721397507
-1.4447144191
1.0000000000

Caso2, CFL = 0.50, n = 40

0.0000000000
-2.0028688357
0.1755314125
-1.9089958621
-0.2185011443
-2.2317765616
-0.0953465903
-2.0977141969
0.3721397507
-1.7586445438
1.0000000000

Caso2, CFL = 0.50, n = 41

0.0000000000
-2.0028688357
0.1285949257
-1.9089958621
-0.0571107946
-2.2317765616
-0.1623777727
-2.0977141969
0.2026049241
-1.7586445438
1.0000000000

Caso2, CFL = 0.50, n = 42

0.0000000000
-2.0671662986
0.1285949257
-1.8161430020
-0.0571107946
-2.1791430725
-0.1623777727
-2.2802055453
0.2026049241
-2.1573420817
1.0000000000

Caso2, CFL = 0.50, n = 43

0.0000000000
-2.0671662986
0.0030832774
-1.8161430020
0.1243892407
-2.1791430725
-0.1118465363
-2.2802055453
0.1411731923
-2.1573420817
1.0000000000

Caso2, CFL = 0.50, n = 44

0.0000000000
-2.0687079373
0.0030832774
-1.8767959836
0.1243892407
-2.0610251840
-0.1118465363
-2.4067154096
0.1411731923
-2.5867554855
1.0000000000

Caso2, CFL = 0.50, n = 45

0.0000000000
-2.0687079373
-0.0928726994
-1.8767959836
0.2165038409
-2.0610251840
0.0609985765
-2.4067154096
0.2311932303
-2.5867554855
1.0000000000

Caso2, CFL = 0.50, n = 46

0.0000000000
-2.0222715876
-0.0928726994
-2.0314842538
0.2165038409
-1.9832725518
0.0609985765
-2.4918127365
0.2311932303
-2.9711588704
1.0000000000

Caso2, CFL = 0.50, n = 47

0.0000000000
-2.0222715876
-0.0882663663
-2.0314842538
0.1923979899
-1.9832725518
0.3152686689
-2.4918127365
0.4708662972
-2.9711588704
1.0000000000

Caso2, CFL = 0.50, n = 48

0.0000000000
-1.9781384044
-0.0882663663
-2.1718164319
0.1923979899
-2.0447078913
0.3152686689
-2.5696115507
0.4708662972
-3.2357257217
1.0000000000

Caso2, CFL = 0.50, n = 49

0.0000000000
-1.9781384044
0.0085726474
-2.1718164319
0.1288437196
-2.0447078913
0.5777204986
-2.5696115507
0.8039233828
-3.2357257217
1.0000000000

Caso2, CFL = 0.50, n = 50

0.0000000000
-1.9824247281
0.0085726474
-2.2319519680
0.1288437196
-2.2691462807
0.5777204986
-2.6827129928
0.8039233828
-3.3337640304
1.0000000000

