Caso9, CFL = 1.20, n = 1

0.0000000000
0.0000000000
0.0000000000
0.0000000000
0.0000000000
0.0000000000
0.0000000000
0.0000000000
0.0000000000
0.0000000000
1.0000000000

Caso9, CFL = 1.20, n = 2

0.0000000000
0.0000000000
0.0000000000
0.0000000000
0.0000000000
0.0000000000
0.0000000000
0.0000000000
0.0000000000
0.1200000000
1.0000000000

Caso9, CFL = 1.20, n = 3

0.0000000000
0.0000000000
0.0000000000
0.0000000000
0.0000000000
0.0000000000
0.0000000000
0.0000000000
0.0144000000
0.0672000000
1.0000000000

Caso9, CFL = 1.20, n = 4

0.0000000000
0.0000000000
0.0000000000
0.0000000000
0.0000000000
0.0000000000
0.0000000000
0.0017280000
0.0017280000
0.1094400000
1.0000000000

Caso9, CFL = 1.20, n = 5

0.0000000000
0.0000000000
0.0000000000
0.0000000000
0.0000000000
0.0000000000
0.0002073600
-0.0005529600
0.0146534400
0.0741273600
1.0000000000

Caso9, CFL = 1.20, n = 6

0.0000000000
0.0000000000
0.0000000000
0.0000000000
0.0000000000
0.0000248832
-0.0001575936
0.0022754304
0.0017178624
0.1067265024
1.0000000000

Caso9, CFL = 1.20, n = 7

0.0000000000
0.0000000000
0.0000000000
0.0000000000
0.0000029860
-0.0000298598
0.0003752387
-0.0010030694
0.0150548890
0.0753079173
1.0000000000

Caso9, CFL = 1.20, n = 8

0.0000000000
0.0000000000
0.0000000000
0.0000003583
-0.0000048970
0.0000621085
-0.0003248883
0.0027432523
0.0010887473
0.1067369698
1.0000000000

Caso9, CFL = 1.20, n = 9

0.0000000000
0.0000000000
0.0000000430
-0.0000007453
0.0000100807
-0.0000727784
0.0005541243
-0.0015052339
0.0159504806
0.0744728797
1.0000000000

Caso9, CFL = 1.20, n = 10

0.0000000000
0.0000000052
-0.0000001084
0.0000015944
-0.0000141527
0.0001118239
-0.0005205102
0.0033078047
-0.0000683746
0.1082865673
1.0000000000


n = 10, G = 0.996928, L2 Norm = 0.317101

Caso9, CFL = 1.20, n = 11

0.0000000000
-0.0000000153
0.0000002458
-0.0000025429
0.0000217506
-0.0001303453
0.0007735686
-0.0021507125
0.0173907751
0.0722636559
1.0000000000

Caso9, CFL = 1.20, n = 12

0.0000000000
0.0000000362
-0.0000004335
0.0000040534
-0.0000285683
0.0001788910
-0.0007705115
0.0040543171
-0.0018192429
0.1111598145
1.0000000000

Caso9, CFL = 1.20, n = 13

0.0000000000
-0.0000000680
0.0000007249
-0.0000057839
0.0000393875
-0.0002088836
0.0010616792
-0.0030192839
0.0194913432
0.0686882810
1.0000000000

Caso9, CFL = 1.20, n = 14

0.0000000000
0.0000001169
-0.0000011027
0.0000082283
-0.0000500312
0.0002713018
-0.0011051793
0.0050688627
-0.0043190520
0.1155057294
1.0000000000

Caso9, CFL = 1.20, n = 15

0.0000000000
-0.0000001838
0.0000016269
-0.0000110798
0.0000654313
-0.0003180355
0.0014526607
-0.0042074225
0.0224519691
0.0634763305
1.0000000000

Caso9, CFL = 1.20, n = 16

0.0000000000
0.0000002761
-0.0000022880
0.0000148744
-0.0000815794
0.0004006243
-0.0015638683
0.0064630144
-0.0078155044
0.1217070139
1.0000000000

Caso9, CFL = 1.20, n = 17

0.0000000000
-0.0000003960
0.0000031561
-0.0000193544
0.0001036040
-0.0004716237
0.0019924878
-0.0058458930
0.0265748426
0.0561324480
1.0000000000

Caso9, CFL = 1.20, n = 18

0.0000000000
0.0000005530
-0.0000042340
0.0000251144
-0.0001277284
0.0005833703
-0.0022007451
0.0083912580
-0.0126736158
0.1303805151
1.0000000000

Caso9, CFL = 1.20, n = 19

0.0000000000
-0.0000007514
0.0000056066
-0.0000319666
0.0001593560
-0.0006893739
0.0027453276
-0.0081179710
0.0322985133
0.0459034006
1.0000000000

Caso9, CFL = 1.20, n = 20

0.0000000000
0.0000010034
-0.0000072947
0.0000405887
-0.0001950374
0.0008431137
-0.0030920742
0.0110715613
-0.0194186594
0.1424365413
1.0000000000

Caso9, CFL = 1.20, n = 21

0.0000000000
-0.0000013169
0.0000094048
-0.0000508926
0.0002405672
-0.0009994683
0.0038020101
-0.0112832640
0.0402510560
0.0316952914
1.0000000000

Caso9, CFL = 1.20, n = 22

0.0000000000
0.0000017080
-0.0000119835
0.0000636752
-0.0002929640
0.0012135560
-0.0043461742
0.0148134162
-0.0288009382
0.1591854657
1.0000000000

Caso9, CFL = 1.20, n = 23

0.0000000000
-0.0000021895
0.0000151683
-0.0000789910
0.0003585821
-0.0014422180
0.0052918205
-0.0157109657
0.0513283781
0.0119411567
1.0000000000

Caso9, CFL = 1.20, n = 24

0.0000000000
0.0000027836
-0.0000190432
0.0000978081
-0.0004351103
0.0017429227
-0.0061174447
0.0200574334
-0.0418900223
0.1824993501
1.0000000000

Caso9, CFL = 1.20, n = 25

0.0000000000
-0.0000035100
0.0000237903
-0.0001203858
0.0005297059
-0.0020753250
0.0073992257
-0.0219271003
0.0668073439
-0.0155945434
1.0000000000

Caso9, CFL = 1.20, n = 26

0.0000000000
0.0000043992
-0.0000295472
0.0001479376
-0.0006410188
0.0025002619
-0.0086263404
0.0274317833
-0.0602103489
0.2150472930
1.0000000000

Caso9, CFL = 1.20, n = 27

0.0000000000
-0.0000054813
0.0000365602
-0.0001810171
0.0007773574
-0.0029814209
0.0103877494
-0.0306819958
0.0885081827
-0.0540984695
1.0000000000

Caso9, CFL = 1.20, n = 28

0.0000000000
0.0000067990
-0.0000450439
0.0002211899
-0.0009387503
0.0035844669
-0.0121879248
0.0378328893
-0.0859356512
0.2606341277
1.0000000000

Caso9, CFL = 1.20, n = 29

0.0000000000
-0.0000083968
0.0000553368
-0.0002694316
0.0011351569
-0.0042788668
0.0146341299
-0.0430468102
0.1190271958
-0.1081140757
1.0000000000

Caso9, CFL = 1.20, n = 30

0.0000000000
0.0000103350
-0.0000677638
0.0003278133
-0.0013685827
0.0051372041
-0.0172527386
0.0525409115
-0.1221674447
0.3246860917
1.0000000000


n = 30, G = 0.973328, L2 Norm = 0.326237

Caso9, CFL = 1.20, n = 31

0.0000000000
-0.0000126791
0.0000827959
-0.0003979160
0.0016513544
-0.0061372276
0.0206772238
-0.0605517094
0.1620700099
-0.1841229074
1.0000000000

Caso9, CFL = 1.20, n = 32

0.0000000000
0.0000155143
-0.0001009165
0.0004825361
-0.0019883123
0.0073614348
-0.0244653240
0.0733850887
-0.1733338097
0.4149464923
1.0000000000

Caso9, CFL = 1.20, n = 33

0.0000000000
-0.0000189363
0.0001227865
-0.0005841231
0.0023951773
-0.0087994425
0.0292880472
-0.0853837239
0.2229287724
-0.2913770854
1.0000000000

Caso9, CFL = 1.20, n = 34

0.0000000000
0.0000230663
-0.0001491167
0.0007065136
-0.0028808536
0.0105479544
-0.0347480517
0.1029805135
-0.2457604257
0.5424718972
1.0000000000

Caso9, CFL = 1.20, n = 35

0.0000000000
-0.0000280432
0.0001808405
-0.0008534024
0.0034659281
-0.0126135930
0.0415701042
-0.1206701053
0.3091654927
-0.4430913967
1.0000000000

Caso9, CFL = 1.20, n = 36

0.0000000000
0.0000340399
-0.0002189951
0.0010301179
-0.0041651307
0.0151134184
-0.0494212012
0.1450672430
-0.3484883233
0.7230586649
1.0000000000

Caso9, CFL = 1.20, n = 37

0.0000000000
-0.0000412570
0.0002649046
-0.0012421412
0.0050060234
-0.0180784208
0.0591031100
-0.1708841713
0.4315906628
-0.6581503994
1.0000000000

Caso9, CFL = 1.20, n = 38

0.0000000000
0.0000499416
-0.0003200742
0.0014969390
-0.0060116871
0.0216548293
-0.0703749844
0.2049960201
-0.4944450456
0.9792858506
1.0000000000

Caso9, CFL = 1.20, n = 39

0.0000000000
-0.0000603832
0.0003863883
-0.0018025535
0.0072196814
-0.0259085500
0.0841488902
-0.2424266337
0.6056648686
-0.9635532344
1.0000000000

Caso9, CFL = 1.20, n = 40

0.0000000000
0.0000729352
-0.0004660231
0.0021695178
-0.0086650565
0.0310276083
-0.1003159938
0.2904240381
-0.7021220869
1.3434410498
1.0000000000

Caso9, CFL = 1.20, n = 41

0.0000000000
-0.0000880143
0.0005616668
-0.0026095451
0.0103997014
-0.0371279414
0.1199463647
-0.3444583390
0.8535063745
-1.3979152166
1.0000000000

Caso9, CFL = 1.20, n = 42

0.0000000000
0.0001061263
-0.0006764576
0.0031375641
-0.0124758211
0.0444574638
-0.1431202838
0.4123116355
-0.9979776382
1.8617111097
1.0000000000

Caso9, CFL = 1.20, n = 43

0.0000000000
-0.0001278705
0.0008142357
-0.0037705508
0.0149658416
-0.0532038020
0.1711341733
-0.4900932109
1.2067668529
-2.0164833707
1.0000000000

Caso9, CFL = 1.20, n = 44

0.0000000000
0.0001539713
-0.0009795189
0.0045297345
-0.0179465536
0.0637006846
-0.2043392402
0.5863501439
-1.4198784581
2.6001849289
1.0000000000

Caso9, CFL = 1.20, n = 45

0.0000000000
-0.0001852896
0.0011777986
-0.0054396345
0.0215198153
-0.0762384608
0.2443561866
-0.6981072753
1.7107509030
-2.8983209334
1.0000000000

Caso9, CFL = 1.20, n = 46

0.0000000000
0.0002228633
-0.0014155698
0.0065305111
-0.0257976516
0.0912738214
-0.2919243634
0.8350074758
-2.0220305128
3.6534524027
1.0000000000

Caso9, CFL = 1.20, n = 47

0.0000000000
-0.0002679282
0.0017006916
-0.0078376953
0.0309240999
-0.1092443051
0.3491290612
-0.9953871106
2.4303175820
-4.1565993341
1.0000000000

Caso9, CFL = 1.20, n = 48

0.0000000000
0.0003219714
-0.0020424930
0.0094043908
-0.0370616783
0.1307827935
-0.4172657229
1.1904587992
-2.8820426421
5.1569229153
1.0000000000

Caso9, CFL = 1.20, n = 49

0.0000000000
-0.0003867666
0.0024522261
-0.0112814241
0.0444148695
-0.1565377313
0.4990852614
-1.4204377430
3.4583351274
-5.9533423703
1.0000000000

Caso9, CFL = 1.20, n = 50

0.0000000000
0.0004644444
-0.0029432822
0.0135305493
-0.0532185501
0.1873944609
-0.5966798495
1.6987853673
-4.1110463612
7.3044730111
1.0000000000

