lambda[0] = -0.977361     lambda[1] = -3.647563     lambda[2] = -7.295125     lambda[3] = -10.942688     lambda[4] = -13.612889     

-------------------------------------------------------------------------------
RK-4 
h = 0.400000, maxH = 0.204607
      x         u0             u                    w0            w
0.0000000000, 0.0000000000, 0.0000000000        0.0000000000 0.0000000000
0.5235987756, 0.8232050808, 166173.0593724492   1.0000000000 0.1416784669
1.0471975512, 0.7794228634, -286294.9798483095  0.1000000000 0.0001616638
1.5707963268, 1.0000000000, 328180.3278443881   0.1000000000 0.2695110804
2.0943951024, 0.7794228634, -282129.9980410602  0.1000000000 2404.6535292491
2.6179938780, 0.4767949192, 162008.0770051799   0.1000000000 328180.4556770016
3.1415926536, 0.0000000000, 0.0000000000        0.0000000000 0.0000000000

------------------------------------------------------------------------------- 
RK-2 
h = 0.200000, maxH = 0.146920

      x         u0             u               w0            w
0.0000000000, 0.0000000000, 0.0000000000    0.0000000000 0.0000000000
0.5235987756, 0.8232050808, 47.7997682007   1.0000000000 0.1436594884
1.0471975512, 0.7794228634, -82.1275094477  0.1000000000 0.0001978604
1.5707963268, 1.0000000000, 94.4670180445   0.1000000000 0.0006608148
2.0943951024, 0.7794228634, -80.9976589438  0.1000000000 0.6525173530
2.6179938780, 0.4767949192, 46.6692322883   0.1000000000 94.3240193709
3.1415926536, 0.0000000000, 0.0000000000    0.0000000000 0.0000000000
