RK-2 
      x         u0             u          w0            w
0.0000000000, 0.0000000000, 0.0000000000 0.0000000000 0.0000000000
0.2617993878, 0.2588190451, -1.6034221973 0.0000000000 0.1389851004
0.5235987756, 0.5000000000, 3.3358238787 0.0000000000 0.0000000000
0.7853981634, 0.7071067812, -4.7631374653 0.0000000000 0.0000000000
1.0471975512, 0.8660254038, 6.5063665257 0.0000000000 -0.0000000000
1.3089969390, 0.9659258263, -7.6281834536 0.0000000000 0.0000000043
1.5707963268, 1.0000000000, 8.9920490569 0.0000000000 -0.0000024908
1.8325957146, 0.9659258263, -9.3208618614 0.0000000000 0.0003139782
2.0943951024, 0.8660254038, 9.4518409633 0.0000000000 0.0107739381
2.3561944902, 0.7071067812, -8.1858312418 0.0000000000 -0.2207983848
2.6179938780, 0.5000000000, 6.3186203326 0.0000000000 1.7113443975
2.8797932658, 0.2588190451, -3.3334226214 0.0000000000 -9.0741763153
3.1415926536, 0.0000000000, 0.0000000000 0.0000000000 0.0000000000

lambda[0] = -0.994301     lambda[1] = -3.909446     lambda[2] = -8.546771     lambda[3] = -14.590250     lambda[4] = -21.628032     lambda[5] = -29.180501     lambda[6] = -36.732970     lambda[7] = -43.770751     lambda[8] = -49.814231     lambda[9] = -54.451556     lambda[10] = -57.366700     
 h = 0.200000, maxH = 0.054447
