RK-2 
      x         u0             u          w0            w
0.0000000000, 0.0000000000, 0.0000000000 0.0000000000 0.0000000000
0.2617993878, 0.7071067812, 0.1291908843 0.0000000000 -0.0000000000
0.5235987756, 1.0000000000, 0.1827035007 0.0000000000 0.0000000000
0.7853981634, 0.7071067812, 0.1291908843 0.0000000000 0.1827035007
1.0471975512, 0.0000000000, 0.0000000000 0.0000000000 0.0000000000
1.3089969390, -0.7071067812, -0.1291908843 0.0000000000 0.0000000000
1.5707963268, -1.0000000000, -0.1827035007 0.0000000000 0.0000000000
1.8325957146, -0.7071067812, -0.1291908843 0.0000000000 0.0000000000
2.0943951024, -0.0000000000, -0.0000000000 0.0000000000 0.0000000000
2.3561944902, 0.7071067812, 0.1291908843 0.0000000000 0.0000000000
2.6179938780, 1.0000000000, 0.1827035007 0.0000000000 -0.0000000000
2.8797932658, 0.7071067812, 0.1291908843 0.0000000000 -0.0000000000
3.1415926536, 0.0000000000, 0.0000000000 0.0000000000 0.0000000000

lambda[0] = -0.994301     lambda[1] = -3.909446     lambda[2] = -8.546771     lambda[3] = -14.590250     lambda[4] = -21.628032     lambda[5] = -29.180501     lambda[6] = -36.732970     lambda[7] = -43.770751     lambda[8] = -49.814231     lambda[9] = -54.451556     lambda[10] = -57.366700     
 h = 0.020000, maxH = 0.054447
